fla	 pil	 asd	 mip	 momp	 pro	 neu	ST
1	4	3	1	1	1	1	1
6	10	19	3	19	4	9	2
1	4	3	1	14	1	9	3
1	10	19	1	9	4	1	4
1	4	3	1	1	1	14	5
1	4	3	1	1	1	15	6
1	4	3	1	1	1	6	7
1	4	3	1	1	1	9	8
3	10	1	3	14	9	11	9
1	6	3	1	1	1	1	10
1	6	3	1	14	1	1	11
11	14	16	1	15	13	6	12
11	4	1	1	14	9	11	13
12	8	11	5	20	12	5	14
12	9	26	5	26	17	15	15
2	10	18	10	2	1	9	16
2	10	3	28	9	4	6	17
2	10	9	13	2	5	6	18
2	2	18	15	2	1	6	19
2	3	18	15	2	1	6	20
2	3	3	15	2	6	6	21
2	3	6	10	2	1	6	22
2	3	9	10	2	1	6	23
2	4	3	10	9	4	9	24
2	6	17	15	12	8	6	25
2	6	21	12	12	8	11	26
3	10	1	10	14	9	6	27
3	10	1	3	14	9	1	28
1	4	1	1	14	9	1	29
3	10	1	3	14	9	9	30
3	10	1	5	14	9	11	31
3	10	15	3	21	7	9	32
3	10	3	1	14	9	11	33
3	13	1	25	14	9	6	34
3	4	1	1	1	9	1	35
3	4	1	1	14	9	1	36
3	4	1	1	14	9	11	37
3	4	1	14	14	9	11	38
3	5	1	7	14	9	8	39
3	6	1	14	14	9	11	40
4	6	11	3	11	12	9	41
4	7	11	3	11	12	9	42
4	7	9	3	11	12	9	43
4	8	11	10	10	12	2	44
5	1	22	26	6	10	12	45
5	1	22	5	6	10	15	46
5	10	22	15	6	2	6	47
5	2	22	27	6	10	12	48
6	10	14	10	2	1	6	49
6	10	15	24	17	14	6	50
6	10	15	28	9	14	6	51
1	10	3	1	1	1	1	52
6	10	21	12	9	4	11	53
6	10	23	12	18	4	9	54
6	10	23	3	33	4	9	55
6	4	14	12	2	3	6	56
6	4	3	1	1	1	1	57
7	10	17	10	5	4	13	58
7	6	17	3	13	11	11	59
7	6	17	3	13	11	9	60
7	6	17	3	24	11	11	61
8	10	3	15	18	1	6	62
9	6	3	10	22	15	11	63
12	8	11	2	5	12	4	64
12	8	11	5	29	12	6	65
2	10	24	25	4	4	7	66
2	10	3	28	9	4	7	67
3	13	1	28	14	9	3	68
6	10	14	3	21	14	3	69
7	6	17	8	13	11	3	70
17	23	13	10	18	22	10	71
1	4	3	1	1	1	16	72
4	8	11	25	29	12	17	73
5	1	22	30	6	10	6	74
2	3	18	13	25	5	6	75
6	10	3	3	21	7	9	76
6	10	14	10	2	3	6	77
2	3	6	25	2	1	15	78
1	4	3	4	1	1	15	79
7	6	3	8	13	11	3	80
2	10	3	28	9	4	9	81
5	1	22	10	6	10	6	82
12	15	3	10	18	1	6	83
12	9	2	5	3	17	15	84
2	10	15	5	9	4	15	85
2	10	3	28	9	4	13	87
7	6	17	28	36	11	11	86
2	3	9	13	2	1	6	88
4	10	11	15	29	1	6	89
8	10	3	10	2	1	10	90
8	10	3	15	18	1	10	91
2	3	18	5	5	1	2	92
3	10	1	28	14	9	13	93
12	8	11	5	20	12	2	94
2	3	6	3	2	1	9	95
2	3	6	10	2	1	9	96
2	10	3	12	17	14	11	97
8	10	3	10	2	5	6	98
4	8	11	5	29	12	10	99
3	8	1	10	14	12	2	100
6	10	15	15	21	4	6	101
8	19	5	15	18	5	10	102
1	4	3	22	1	1	1	103
3	10	1	1	14	9	1	104
2	10	3	3	21	4	9	105
5	10	22	15	6	10	6	106
3	6	1	3	14	9	11	107
5	1	22	5	6	2	15	108
5	1	22	15	6	10	6	109
2	10	3	3	9	4	9	110
2	10	3	10	9	11	9	111
2	10	15	10	9	11	9	112
3	13	1	3	14	9	6	113
3	6	1	6	14	11	9	114
12	29	2	5	3	17	15	115
2	3	9	10	3	1	6	116
5	1	22	26	6	10	10	117
12	8	11	20	5	12	6	118
15	19	5	12	18	5	6	119
2	3	5	11	2	1	6	120
2	10	3	10	9	4	6	121
6	10	15	13	17	14	11	122
2	3	10	11	2	1	6	123
6	16	14	3	21	14	3	124
6	10	15	28	4	4	11	125
8	3	3	15	2	1	6	126
3	13	1	10	14	9	11	127
7	6	17	3	14	11	11	128
6	6	15	28	4	14	11	129
3	6	1	3	5	11	11	130
6	10	21	13	17	14	11	131
2	1	6	15	2	1	6	132
6	10	15	6	30	14	9	133
1	4	3	10	1	1	1	134
7	6	17	21	8	11	9	135
6	10	17	6	9	4	9	136
6	10	21	6	9	4	9	137
10	12	7	3	16	18	6	138
6	10	15	13	4	14	11	139
2	3	18	11	2	10	12	140
2	12	3	6	8	14	9	141
2	10	3	13	9	4	18	142
4	17	11	23	5	12	19	143
6	10	3	28	9	4	11	145
2	10	18	10	2	1	6	146
6	10	15	3	19	4	3	147
1	4	3	1	1	24	1	144
1	4	15	1	1	1	1	148
17	10	17	3	2	14	11	149
11	14	16	1	15	13	1	150
7	10	17	28	5	4	13	151
1	4	3	1	1	1	3	152
2	10	3	28	9	14	3	153
11	14	16	16	15	13	2	154
17	10	17	28	2	14	11	155
17	10	17	28	2	14	3	156
6	10	3	3	21	7	11	157
7	6	21	28	13	9	3	158
11	14	16	1	15	13	2	159
11	14	16	16	15	13	9	160
11	4	3	1	1	1	1	161
10	22	7	3	16	9	6	162
18	4	3	1	1	1	1	163
6	6	15	28	4	4	11	164
6	7	15	3	4	14	9	165
1	3	9	10	2	1	6	166
1	3	18	15	2	4	6	167
1	4	1	3	35	9	11	168
6	10	3	10	9	4	6	169
2	10	3	10	9	4	11	170
6	10	15	3	21	4	9	171
1	4	3	1	1	1	2	172
6	10	14	15	21	4	6	173
4	8	11	5	10	12	15	174
6	10	15	10	9	14	6	175
12	8	11	5	45	12	2	176
1	4	3	1	1	12	1	177
7	10	3	10	9	4	2	178
3	4	1	1	1	9	11	179
6	10	15	12	13	14	9	180
3	10	1	12	14	9	9	181
3	4	1	3	35	9	11	182
8	10	9	15	18	1	6	183
2	6	17	15	1	8	6	184
2	4	3	2	21	4	1	185
7	10	1	3	14	9	1	186
3	10	1	28	14	9	3	187
2	6	17	6	13	3	11	188
3	10	1	14	14	9	11	189
5	1	22	26	6	10	6	190
6	10	19	28	19	4	6	191
2	10	5	5	35	5	6	192
3	10	1	28	14	9	6	193
12	8	11	2	11	12	2	194
3	10	3	1	14	9	1	195
3	10	1	28	14	9	11	196
3	4	1	1	29	9	1	197
11	14	3	1	15	13	9	198
6	10	17	28	4	14	11	199
12	15	11	10	11	12	2	200
6	10	15	28	44	14	11	201
3	13	1	28	1	9	3	202
5	8	22	10	6	10	2	203
1	10	3	3	9	4	9	204
5	10	22	15	6	1	6	205
8	10	3	15	6	1	6	206
5	2	22	5	6	25	22	207
12	8	11	5	8	12	22	208
5	1	22	10	6	10	19	209
6	10	15	10	9	14	10	210
3	10	1	1	14	9	11	211
2	10	5	5	35	5	9	212
2	19	5	10	18	1	2	213
2	10	9	10	10	1	6	214
2	10	14	10	21	14	3	215
1	6	1	13	9	4	6	216
1	6	17	6	13	14	11	217
12	9	2	21	3	17	15	218
5	10	22	10	6	5	6	219
3	6	1	3	9	11	9	220
11	14	16	1	15	13	9	221
2	19	5	10	18	1	10	222
5	1	22	10	6	10	2	223
4	8	11	16	42	12	2	224
2	10	3	25	9	4	13	225
12	8	11	26	20	12	2	226
2	19	3	10	18	1	2	227
4	8	22	16	29	12	2	228
5	4	1	1	14	9	1	229
5	1	22	30	6	10	10	230
8	10	3	15	21	12	20	231
5	1	22	23	6	10	19	232
2	10	9	13	2	1	20	233
3	4	1	1	14	9	9	234
7	6	17	3	13	14	3	235
3	25	1	1	1	9	1	236
12	8	11	5	47	12	2	237
7	6	31	8	48	15	11	238
6	10	15	3	21	14	3	239
12	7	11	21	11	12	15	240
7	6	17	6	13	11	15	241
3	10	1	28	1	9	3	242
3	30	1	28	14	9	3	243
7	10	17	3	9	11	11	244
2	10	3	13	9	4	1	245
2	10	3	28	9	4	11	246
1	4	3	5	1	1	11	247
3	13	1	1	14	9	11	248
1	4	3	5	1	1	1	249
2	10	17	28	9	4	11	250
21	14	29	35	15	29	10	251
22	4	3	1	1	30	1	252
2	10	5	10	38	5	10	253
1	6	17	6	13	11	11	254
7	10	3	28	9	14	9	255
6	10	14	5	39	14	9	256
12	8	11	5	40	12	22	257
4	8	11	16	43	12	2	258
21	27	28	2	15	29	6	259
12	8	11	23	29	26	2	260
7	28	17	3	13	11	3	261
7	6	30	2	12	11	11	262
7	10	31	3	13	11	11	263
22	6	3	1	1	30	2	264
8	10	3	15	18	1	21	265
8	10	3	10	18	1	6	266
3	4	1	1	8	9	1	267
6	10	14	3	21	4	2	268
7	10	17	3	13	11	11	269
5	1	22	16	6	10	2	270
6	10	19	5	19	4	9	271
8	10	3	15	18	1	20	272
6	10	19	3	19	4	2	273
4	7	11	15	11	12	9	274
2	10	3	5	19	4	9	275
2	19	11	10	18	12	2	276
5	1	22	15	6	10	2	277
6	10	15	28	4	14	11	278
8	3	3	15	21	1	6	294
6	10	1	28	4	14	11	279
2	10	19	28	21	14	6	280
7	6	17	28	4	14	11	281
6	23	17	28	21	4	11	282
6	23	19	28	19	4	11	283
1	6	3	10	1	1	11	284
2	10	14	10	19	4	3	285
1	12	1	1	1	9	2	287
12	8	11	16	29	12	2	288
2	19	11	10	18	1	2	289
4	8	11	10	29	12	10	290
6	10	14	10	13	3	9	291
6	10	19	28	19	4	3	292
17	10	15	28	17	3	6	293
7	6	17	28	14	11	13	295
1	4	3	1	14	1	1	286
1	4	3	1	1	1	11	296
7	10	17	28	13	4	13	297
6	10	15	20	21	14	6	298
2	10	9	10	2	1	6	299
4	8	11	23	34	12	6	300
2	10	3	12	9	4	9	301
3	6	17	25	14	9	7	302
1	4	17	1	1	12	1	303
1	4	1	1	1	1	1	304
6	10	19	6	19	4	6	305
6	10	15	13	9	14	11	306
2	3	18	12	2	1	6	309
7	10	15	28	9	4	13	311
6	10	15	28	17	14	3	312
7	6	17	6	13	11	11	313
12	9	26	21	26	17	15	314
1	4	3	4	2	1	15	315
4	7	11	3	11	12	23	316
2	10	3	1	9	14	1	317
1	10	3	1	1	9	1	318
6	10	19	14	4	4	3	307
2	10	18	10	2	9	6	308
6	10	3	28	9	1	11	310
6	6	3	28	9	4	3	319
1	4	3	1	1	5	1	320
2	6	17	3	12	8	3	321
6	10	19	3	19	4	3	322
6	6	17	3	9	11	9	323
6	10	15	10	9	14	3	324
7	6	3	8	9	4	6	325
2	10	15	3	9	4	6	326
6	6	17	3	17	11	6	327
6	10	19	28	19	4	9	328
6	6	19	28	19	4	3	329
7	10	3	3	9	4	3	330
3	13	1	1	14	9	13	331
7	10	17	6	14	11	3	332
12	31	2	5	3	17	15	333
2	6	17	6	13	11	11	334
1	10	3	15	2	1	3	335
11	14	16	25	7	13	24	336
10	22	7	28	16	18	6	337
2	10	15	28	9	4	13	338
6	6	17	8	13	11	3	339
3	6	1	7	14	9	11	340
7	6	17	28	13	11	13	341
2	10	3	28	21	4	6	342
2	10	3	6	8	14	9	343
6	10	17	28	9	4	13	344
6	10	19	3	19	4	11	345
3	4	1	28	14	9	1	346
3	4	1	3	14	9	11	347
6	10	19	14	19	4	6	348
3	5	1	28	14	9	2	349
6	10	15	12	17	14	11	350
2	4	3	1	21	4	1	351
12	8	11	13	10	12	2	352
8	10	6	15	51	1	6	353
3	5	1	7	14	32	8	354
1	10	1	10	14	9	6	355
6	10	15	12	9	14	11	356
11	14	32	3	7	33	9	357
12	3	9	13	52	1	6	358
3	6	1	10	14	9	11	359
6	10	2	28	9	4	13	360
7	10	17	28	13	11	13	361
6	10	19	28	19	4	13	362
7	6	3	3	13	11	11	363
2	6	17	21	13	11	15	364
2	10	15	28	9	9	11	365
2	10	3	3	9	4	6	366
6	10	15	28	4	14	1	368
2	10	3	3	9	14	9	369
17	10	3	28	9	4	13	370
2	10	17	28	9	4	13	371
2	10	3	28	9	4	1	372
23	31	32	36	52	33	24	373
6	10	17	3	4	14	9	374
7	6	17	3	13	11	15	375
2	10	3	28	9	4	15	376
6	10	15	28	9	14	1	377
6	10	15	28	21	14	9	367
3	13	1	17	14	9	7	378
2	10	3	3	9	4	13	379
2	10	3	3	15	4	13	380
7	6	17	14	12	8	3	381
6	10	1	28	9	4	13	382
6	10	14	12	21	14	9	383
2	3	9	10	2	1	10	384
3	4	1	1	14	9	6	385
10	10	3	28	9	4	11	386
2	6	17	14	13	11	11	387
7	6	17	12	13	11	6	388
2	10	24	7	4	4	7	389
3	13	1	14	14	9	11	391
3	13	1	6	14	9	11	392
3	6	1	25	14	9	7	393
6	10	3	25	16	4	7	394
7	6	17	20	13	11	3	395
2	10	24	28	4	4	1	396
2	10	1	28	4	4	11	397
2	10	24	28	4	34	11	398
6	10	3	28	9	14	11	399
5	4	3	1	1	1	1	400
5	31	22	10	6	25	1	401
7	6	17	3	9	14	11	402
2	10	15	28	17	3	1	403
22	4	3	36	1	30	1	404
2	10	17	6	13	11	11	405
6	10	3	30	9	4	3	406
6	10	15	3	21	14	9	407
8	10	34	9	53	8	1	408
2	32	20	12	34	35	1	409
2	32	20	38	34	35	11	410
5	4	3	16	2	1	13	411
2	10	24	28	4	4	3	412
2	6	17	14	12	8	8	413
2	3	3	10	2	1	6	414
11	21	33	37	31	1	11	415
6	10	19	30	2	4	6	416
2	10	3	28	4	4	13	417
2	10	24	28	14	4	1	418
3	13	1	28	14	9	7	419
7	7	11	3	11	12	9	420
2	10	3	3	9	4	3	421
7	6	3	3	14	4	3	422
10	22	7	28	16	18	1	423
7	10	17	3	13	14	9	424
2	10	3	15	9	4	11	425
2	6	17	14	12	11	11	426
7	6	17	25	13	11	15	428
7	14	16	28	7	13	15	429
2	6	17	6	12	8	11	430
10	22	7	6	14	18	11	431
3	13	1	28	9	9	3	432
2	10	18	10	2	1	1	433
6	10	19	15	4	4	6	434
2	10	18	15	2	1	6	435
3	10	1	1	14	9	15	438
3	4	1	28	14	11	11	439
3	10	1	28	14	9	1	440
8	10	3	14	18	1	6	441
2	10	3	1	1	4	1	442
2	6	17	1	13	11	24	443
2	10	22	10	2	1	6	444
2	3	18	13	2	1	6	445
3	4	3	1	1	9	1	446
3	6	3	14	14	9	11	447
2	3	18	10	2	1	6	448
2	10	3	10	15	1	6	449
2	23	13	5	18	22	6	450
21	14	29	16	15	29	1	451
6	6	17	3	13	11	11	452
5	10	3	15	6	2	6	453
12	17	11	15	5	12	20	436
2	3	9	10	5	1	6	455
1	4	3	16	2	1	6	456
8	3	9	10	2	1	6	457
24	6	3	3	13	11	11	458
1	4	3	1	13	5	9	459
23	12	31	6	48	31	3	460
6	10	14	28	21	14	9	461
12	9	2	5	50	17	15	462
6	10	5	10	9	1	3	463
2	10	3	28	21	4	13	464
2	29	2	5	50	20	15	465
6	10	15	28	4	14	15	466
7	6	17	8	13	11	9	467
3	10	1	6	14	9	3	468
3	10	1	28	14	9	9	469
7	6	17	3	13	11	1	470
11	14	16	31	15	13	3	471
6	10	19	30	19	14	9	472
6	23	15	28	9	14	3	473
1	4	3	1	1	1	13	474
17	23	13	20	32	22	8	475
1	4	3	13	1	1	1	476
12	9	26	5	3	17	15	477
6	10	21	12	21	14	11	478
5	1	22	10	6	10	12	479
2	10	15	1	9	4	1	480
4	7	11	13	11	12	9	481
6	10	14	5	6	14	9	482
3	13	1	1	14	9	3	483
6	10	15	28	9	14	9	484
3	10	1	3	14	11	11	485
1	4	3	1	21	1	1	486
3	6	1	28	14	11	11	487
2	3	9	10	2	10	6	488
5	10	18	10	2	1	6	489
17	23	13	10	32	22	10	490
12	8	11	16	5	12	4	491
6	10	15	28	2	14	11	492
3	13	1	28	14	9	11	493
7	6	17	14	12	11	11	494
6	10	15	28	21	4	3	495
7	6	31	3	48	15	11	496
6	10	14	5	21	1	9	497
2	7	3	3	9	4	9	498
2	10	15	3	21	4	3	499
2	10	15	3	9	4	9	500
6	10	2	10	13	14	6	501
8	10	14	15	18	1	6	503
7	6	17	3	13	14	11	504
7	6	17	3	11	11	9	505
2	3	6	13	2	1	6	506
2	3	5	10	2	1	6	507
10	10	7	28	16	18	11	508
6	10	15	10	9	14	11	509
7	6	17	28	13	11	15	510
2	6	17	3	9	4	11	511
3	8	19	28	19	4	9	512
7	6	17	6	48	11	11	513
6	6	17	3	17	11	9	514
2	10	15	10	9	14	3	515
7	6	3	3	9	11	3	516
7	6	3	8	13	14	6	517
17	6	15	28	9	14	3	518
7	10	3	3	4	11	3	519
2	10	24	28	4	4	13	520
4	7	11	3	17	12	9	521
5	1	22	30	6	10	13	522
4	8	11	10	5	26	6	523
26	33	37	10	55	10	25	524
12	7	11	39	11	12	26	525
2	19	5	12	18	5	9	526
7	6	17	3	13	11	3	527
5	2	22	15	6	10	11	528
2	3	9	10	1	1	1	529
6	10	15	28	9	4	9	531
2	10	9	13	2	5	9	532
3	10	1	3	14	4	11	533
2	10	3	1	9	4	1	534
2	10	18	40	29	1	2	535
7	6	1	6	14	11	6	536
3	13	1	28	12	9	3	537
2	6	3	3	9	14	3	538
4	8	11	2	10	12	2	539
6	10	20	6	9	4	9	530
1	13	3	1	1	1	1	540
6	1	22	30	6	14	6	541
1	10	15	1	21	14	2	542
2	10	11	21	18	5	15	543
4	7	18	3	11	12	9	544
2	10	3	3	9	4	11	545
21	10	3	15	18	1	6	546
2	10	3	28	9	4	26	547
7	10	17	17	30	11	3	548
6	23	15	3	9	14	6	549
2	3	6	10	51	1	6	550
6	10	15	3	21	7	11	551
7	6	17	3	13	9	11	552
3	6	1	3	14	11	9	553
10	7	17	28	13	8	3	554
6	10	15	10	9	14	9	555
16	4	3	1	1	1	1	556
2	10	3	1	9	4	9	557
2	10	3	10	9	14	9	558
2	10	3	41	9	14	9	559
1	4	3	1	1	30	1	560
3	6	1	6	14	11	1	561
7	10	3	1	9	4	6	562
1	4	3	12	1	1	27	563
6	10	14	10	39	3	6	564
2	3	9	10	2	5	11	565
6	10	20	13	21	14	11	566
7	6	17	3	40	11	11	567
24	6	39	3	13	11	11	568
6	10	15	3	13	14	11	569
1	10	22	15	6	2	6	570
6	10	15	28	13	14	9	571
2	3	5	11	2	1	9	572
16	21	33	37	41	1	1	573
11	14	16	16	15	13	11	574
2	3	18	13	25	1	6	575
6	10	3	3	19	4	11	576
6	10	15	13	9	14	16	577
6	10	15	13	9	14	6	578
3	13	1	3	14	9	11	579
2	10	9	15	2	1	20	580
1	10	1	1	14	9	1	581
6	10	14	10	33	1	11	582
7	6	17	28	13	11	3	583
2	10	15	16	21	14	6	584
3	4	1	1	40	9	1	585
2	6	17	3	48	8	6	586
2	10	3	28	9	14	9	587
2	6	17	3	12	8	13	588
2	1	15	28	9	4	13	589
3	32	20	6	34	35	6	590
5	2	22	15	6	10	6	591
6	10	15	24	9	14	16	592
2	3	40	13	2	1	6	593
8	10	3	44	9	4	13	594
2	14	16	16	15	13	2	595
27	3	9	43	56	5	6	596
7	2	3	8	13	11	3	597
11	14	16	10	15	13	11	598
6	10	17	28	19	4	6	599
6	10	19	28	19	14	11	600
6	6	15	28	9	14	11	601
6	10	11	28	4	14	9	602
7	8	17	3	14	11	11	603
6	10	15	3	19	4	11	604
7	10	17	3	13	9	11	605
6	10	15	3	21	4	3	606
11	14	16	16	15	13	1	607
2	14	16	1	15	13	1	608
3	13	1	1	14	9	1	609
8	10	3	10	2	1	6	610
6	35	38	42	1	14	1	611
2	6	17	14	8	8	9	612
2	3	6	15	2	1	6	613
2	10	3	6	9	4	11	614
12	9	2	5	27	20	6	615
2	10	3	10	9	4	28	616
6	10	14	10	39	3	9	617
4	8	11	16	29	12	2	618
6	10	15	1	21	14	1	619
17	10	3	8	21	4	3	620
3	10	1	6	14	9	8	621
3	13	1	3	9	9	9	622
7	10	17	11	13	14	6	623
12	8	11	10	5	12	6	624
12	8	11	2	40	12	4	625
3	4	1	28	14	11	1	626
3	6	1	14	14	11	11	627
3	4	1	1	14	13	30	628
11	14	3	25	1	13	1	629
1	4	3	1	1	1	10	630
7	6	3	28	1	11	3	631
1	4	17	1	13	1	1	632
2	10	3	3	1	4	9	633
1	4	16	1	15	1	1	634
1	4	3	3	9	1	1	635
2	6	17	25	13	11	6	636
6	10	19	3	19	4	6	502
6	10	15	3	9	14	6	637
6	10	14	3	21	13	9	638
6	10	2	28	9	4	6	639
17	10	3	28	9	4	11	640
7	10	17	3	17	11	11	641
2	10	3	10	9	14	6	642
6	10	17	28	9	4	11	643
6	10	20	10	9	14	11	644
2	10	14	3	21	4	3	645
2	10	21	28	9	4	13	646
5	4	22	27	6	10	12	647
2	10	3	15	9	4	3	648
3	13	1	3	14	9	3	649
2	4	3	13	9	4	13	650
2	10	1	28	14	9	3	651
1	4	3	1	57	1	1	652
1	4	41	1	1	37	1	653
1	10	3	28	21	4	13	654
2	4	3	28	1	4	13	655
2	6	3	28	9	4	9	656
2	10	3	3	21	4	11	657
2	10	3	10	4	3	11	658
2	19	5	5	18	5	6	659
3	5	1	3	14	11	8	660
3	5	1	7	14	11	11	661
3	6	1	1	1	9	11	662
3	12	1	6	14	9	29	663
3	13	1	3	14	9	9	664
3	13	1	45	14	9	3	665
6	10	3	3	19	4	9	666
6	10	3	28	19	4	9	667
6	10	15	3	4	14	24	668
6	10	15	28	4	14	24	669
7	6	17	3	11	11	11	670
7	6	17	18	21	11	1	671
7	10	17	3	30	11	9	672
7	10	17	8	13	11	7	673
7	12	17	3	13	11	11	674
12	8	11	5	47	26	2	675
23	12	31	6	48	31	9	676
6	10	17	3	17	11	9	677
12	14	16	16	15	13	11	678
27	3	9	15	56	5	6	679
2	10	3	28	4	4	6	680
11	14	16	25	7	13	6	681
7	6	17	10	13	9	11	682
6	6	17	3	9	14	13	683
1	4	3	28	1	1	6	390
	 	 	 	 	 	 	0
6	6	17	3	9	14	5	684
2	10	18	10	1	1	9	685
2	2	9	10	6	1	6	743
7	6	17	3	12	11	11	686
7	6	17	21	35	11	9	687
7	6	17	21	12	11	11	688
2	10	15	28	19	4	9	689
6	10	14	3	21	14	9	437
3	4	1	1	14	1	1	427
2	14	16	31	15	13	6	690
3	4	1	28	14	9	3	691
6	10	20	12	21	4	3	454
1	4	14	10	2	3	8	692
6	10	19	3	4	4	13	693
6	1	22	30	6	10	11	694
2	10	3	28	9	4	31	695
1	4	14	10	2	3	6	696
7	6	17	6	11	11	11	697
7	10	17	3	17	11	9	698
3	6	1	14	1	9	11	699
3	1	1	12	14	9	9	700
21	14	29	15	15	29	6	701
2	10	18	10	2	5	6	702
2	10	18	10	2	1	10	703
5	1	22	21	6	10	15	704
13	11	4	9	58	16	32	705
4	8	11	15	29	12	6	706
6	10	15	3	21	14	14	708
1	6	3	1	1	11	3	709
12	29	2	5	50	20	15	710
6	10	3	1	9	4	1	711
25	36	36	35	54	36	9	712
26	8	11	5	47	30	2	713
1	4	3	6	1	1	9	714
1	4	3	19	1	1	2	715
16	4	3	19	1	30	11	716
1	4	3	19	1	30	1	717
7	6	17	1	48	11	1	718
1	4	3	19	1	1	1	719
16	4	3	19	1	30	1	720
8	6	34	9	53	8	1	721
7	6	17	3	1	11	1	722
7	6	31	19	48	11	1	723
16	4	3	19	1	30	2	724
16	21	33	37	41	1	3	725
28	21	33	37	41	1	11	726
6	6	17	28	17	11	9	727
2	10	3	28	9	4	3	728
6	10	15	1	21	4	13	729
6	10	15	28	9	14	10	730
7	10	17	12	29	11	9	731
6	31	14	10	39	3	11	732
3	13	1	15	14	9	6	733
2	6	17	1	1	8	11	734
6	10	15	28	9	3	11	735
3	13	1	10	14	9	6	736
3	10	1	3	14	1	1	737
7	10	17	28	17	11	9	738
12	8	11	2	10	12	2	739
2	3	18	10	25	5	6	740
21	14	29	30	15	29	6	741
3	6	1	3	14	11	11	742
2	3	5	5	18	1	10	744
5	2	22	10	6	25	9	745
2	10	5	12	38	5	6	746
3	6	1	6	9	11	13	747
6	10	19	28	4	4	11	748
6	10	14	10	2	4	6	749
8	10	3	15	21	1	20	750
8	10	3	15	9	14	6	751
22	4	3	1	1	1	1	752
6	8	19	12	4	4	3	753
2	10	5	47	18	14	33	754
17	23	13	20	32	22	205	707
2	3	6	12	2	10	6	756
3	4	1	1	12	1	11	757
2	3	9	15	2	1	6	758
1	10	3	1	1	1	11	759
2	10	15	10	21	14	6	760
5	7	22	21	6	10	15	761
2	3	9	10	1	1	6	762
6	10	19	28	19	4	11	763
12	7	11	20	11	12	11	764
12	6	7	13	53	18	9	765
1	4	3	10	1	5	10	766
2	10	3	3	1	4	1	767
10	10	7	28	16	18	6	768
10	12	7	21	16	18	9	769
3	5	1	7	14	9	3	770
3	4	1	1	14	9	3	771
1	4	42	1	1	1	1	772
3	4	1	28	14	9	13	773
6	10	15	6	9	14	6	774
8	24	3	15	21	12	20	775
2	10	19	12	21	14	9	776
5	2	22	10	6	25	1	777
6	10	3	3	9	4	3	778
1	4	3	1	1	1	26	779
3	10	1	1	1	9	1	780
2	4	3	1	1	1	6	781
1	8	3	1	1	1	4	782
2	3	9	10	59	1	6	783
1	4	3	3	1	1	11	784
6	37	15	15	21	10	9	785
4	8	11	21	29	12	15	786
2	10	1	3	9	4	3	787
2	6	17	14	12	8	11	788
2	10	1	28	9	4	13	789
2	10	3	16	9	11	9	790
8	8	3	15	18	1	6	791
17	23	13	21	32	22	15	792
12	38	26	21	3	17	15	793
12	31	2	5	3	17	34	794
1	4	3	12	1	1	11	795
1	4	3	10	1	1	10	796
4	8	11	5	29	12	2	797
8	14	29	10	15	29	6	798
21	14	29	35	15	29	6	799
2	19	5	5	18	1	6	800
4	8	11	10	29	12	6	801
6	6	3	12	4	14	11	802
6	10	15	15	2	1	20	803
6	10	15	3	21	14	6	804
3	4	1	1	59	9	11	805
2	3	9	10	51	1	10	806
6	10	17	28	19	4	11	807
21	40	43	20	15	26	2	808
1	10	3	1	1	14	1	809
1	6	17	14	12	8	11	810
6	10	15	15	4	14	3	811
1	10	3	1	1	1	9	812
6	10	15	28	4	14	9	813
12	3	18	10	2	1	6	814
12	8	11	2	29	12	2	815
6	6	15	10	4	14	3	816
2	6	3	28	9	14	11	817
11	14	16	3	15	13	9	818
21	14	29	10	15	29	6	819
2	23	13	10	32	22	6	820
4	1	22	26	6	10	12	821
4	31	11	5	5	12	22	822
11	4	16	5	15	13	2	823
8	10	18	15	2	1	6	824
12	39	11	10	24	12	6	825
8	3	3	15	21	1	2	826
6	10	3	3	9	4	11	827
2	10	3	10	9	4	3	828
6	10	15	1	21	14	11	829
8	10	3	10	18	1	10	830
2	6	21	12	12	8	35	831
7	34	17	3	13	11	11	832
6	10	17	28	2	14	11	833
7	6	17	3	13	15	11	834
3	6	3	6	9	4	9	835
6	10	17	3	9	4	9	836
6	6	15	10	2	14	3	837
3	6	1	28	14	11	9	838
6	10	14	10	21	4	3	839
12	7	11	20	11	12	6	840
2	10	3	3	18	4	3	841
6	10	22	3	4	3	3	842
7	6	17	11	13	11	6	843
2	10	24	28	4	4	6	844
10	22	7	28	9	18	6	845
2	29	3	28	9	14	15	846
6	10	21	12	17	14	11	847
8	10	3	15	21	26	20	848
6	10	15	28	21	7	3	849
2	3	9	50	2	1	6	850
2	10	3	28	9	14	1	851
6	10	15	24	21	14	6	852
2	10	3	28	21	14	24	853
6	10	15	24	9	14	6	854
3	10	1	28	14	4	13	855
5	1	22	30	6	10	1	856
1	4	3	1	6	1	1	857
2	10	19	44	19	4	36	858
4	8	11	5	10	12	2	859
2	3	18	15	1	1	6	860
12	31	2	10	3	17	6	861
4	17	11	15	29	12	20	862
6	10	5	3	18	14	9	863
6	41	45	51	55	10	31	864
1	6	3	1	1	5	11	865
7	10	17	3	21	11	11	866
10	22	7	47	16	18	9	867
5	10	3	10	18	1	6	868
2	10	14	5	39	14	9	869
6	10	19	5	19	4	1	870
4	17	11	15	5	12	6	871
1	10	3	1	1	1	10	872
8	10	3	15	18	12	6	873
6	10	15	10	4	14	1	874
7	6	17	3	50	11	11	875
2	3	6	15	51	1	6	876
1	4	3	16	15	1	9	877
2	10	5	5	35	5	34	878
4	8	11	49	11	12	22	879
6	10	19	3	2	4	11	880
7	7	17	3	13	11	9	881
2	10	3	21	9	14	9	882
21	14	29	2	15	29	6	883
3	27	28	2	15	29	6	884
2	10	9	13	2	10	6	885
1	4	3	1	19	1	1	886
21	16	16	16	15	13	9	887
5	14	22	26	2	10	12	888
2	10	46	47	52	5	6	889
4	6	1	3	14	11	9	890
2	3	18	13	2	5	6	891
2	3	9	10	2	12	6	892
7	10	17	3	13	4	11	893
21	14	43	16	15	26	2	894
1	6	3	3	1	1	11	895
2	10	14	15	18	5	6	896
2	4	9	10	21	1	6	897
6	10	2	3	9	14	11	898
6	10	14	10	39	3	20	899
6	10	14	10	21	14	6	900
2	1	18	15	2	10	6	901
2	1	18	10	2	1	6	902
1	4	3	1	1	38	1	903
1	14	3	1	15	13	9	904
2	3	9	13	56	5	6	905
2	6	17	6	13	14	11	906
3	6	17	13	13	11	1	907
1	4	3	5	1	1	6	908
3	13	1	1	14	9	6	909
2	6	15	28	9	19	9	910
2	3	9	10	60	1	9	911
6	6	21	6	19	4	11	912
5	2	22	27	6	10	9	913
12	8	11	2	11	1	1	914
1	4	3	16	2	1	11	915
4	8	11	25	29	12	2	916
11	14	16	31	15	13	6	917
7	6	17	13	13	11	6	918
7	6	17	13	13	11	13	919
5	1	22	13	6	9	3	920
3	10	1	3	1	9	11	921
4	27	11	16	59	12	26	922
7	6	17	12	13	11	11	923
2	3	9	13	52	1	6	924
4	8	11	2	40	12	4	925
12	8	11	20	40	12	6	926
3	13	1	14	14	9	3	927
6	10	17	3	9	14	9	928
6	10	15	5	13	14	15	929
7	10	17	6	13	11	11	930
7	6	17	15	13	11	11	931
5	1	22	10	6	10	10	932
6	10	3	5	9	4	9	933
6	10	15	28	9	14	2	934
6	10	17	3	9	14	11	935
2	10	9	21	52	5	32	936
2	10	3	3	64	4	9	937
10	22	7	28	65	18	6	938
17	10	3	28	9	4	9	939
31	10	20	10	21	14	11	940
30	18	44	15	61	13	6	941
6	10	14	20	39	14	6	942
30	18	44	10	61	13	10	943
21	14	29	46	15	29	10	944
6	10	3	1	9	39	3	945
2	3	18	15	9	1	6	946
23	10	15	21	30	14	9	947
7	4	17	7	13	11	8	948
2	10	15	28	9	4	11	949
2	10	17	1	1	4	1	950
10	22	7	10	35	18	3	951
1	4	9	1	1	1	1	952
2	10	14	3	9	14	11	953
3	6	1	10	14	11	6	954
2	10	17	3	9	4	11	955
6	10	3	3	9	1	9	956
7	6	17	3	21	11	9	957
2	10	24	28	4	4	9	958
1	4	3	1	9	1	3	959
2	6	3	6	1	4	9	960
2	10	3	28	9	14	11	961
2	10	3	28	9	14	6	962
3	10	1	3	9	9	11	963
4	6	17	6	13	11	11	964
11	4	1	1	15	13	1	965
10	22	3	28	16	18	6	966
2	10	3	3	9	14	3	967
12	9	26	5	50	17	15	968
6	10	15	10	13	14	9	969
3	13	1	1	1	9	1	970
1	14	16	1	15	13	1	971
2	6	17	20	9	14	9	972
2	3	5	15	2	1	6	973
1	4	3	10	1	1	11	974
6	10	19	28	21	4	11	975
7	6	17	10	13	11	11	976
23	10	3	28	8	4	9	977
8	10	3	15	18	1	9	978
10	22	7	3	16	18	6	979
6	10	17	28	9	14	3	980
2	10	19	28	19	4	11	981
6	10	17	3	21	14	3	982
2	6	17	3	12	11	11	983
12	29	2	20	50	20	15	984
2	6	17	8	14	11	11	985
1	14	16	16	15	13	2	986
3	1	1	1	14	9	9	987
6	3	18	15	9	1	6	988
4	15	11	5	30	12	6	989
2	10	17	3	9	4	1	990
2	10	17	3	1	4	1	991
3	6	1	28	14	11	13	992
10	22	7	28	16	18	13	993
6	10	15	5	21	14	15	994
2	3	9	10	2	6	6	995
7	7	17	28	13	11	13	996
2	10	3	28	9	14	13	997
7	6	3	8	13	11	13	998
6	10	15	10	21	40	3	999
4	8	11	30	5	26	6	1000
12	9	26	28	3	17	15	1001
6	10	15	28	19	4	6	1002
17	6	7	13	21	18	9	1003
6	10	15	3	19	14	11	1004
10	22	7	28	16	18	11	1005
10	10	7	28	16	18	13	1006
2	10	46	47	35	5	6	1007
1	4	3	1	1	41	1	1008
3	13	1	17	14	9	9	1009
12	10	3	10	18	1	6	1010
1	4	3	1	1	4	6	1011
2	3	9	10	63	1	6	1012
6	10	15	10	21	40	9	1013
17	10	15	12	9	14	11	1014
4	8	11	23	40	12	37	1015
6	10	15	15	21	14	6	1016
3	10	1	28	1	9	1	1017
2	10	5	50	35	1	9	1018
3	4	3	1	1	1	1	1019
2	4	3	1	9	4	9	1020
31	10	20	10	21	4	11	1021
2	6	3	28	9	4	13	1022
21	27	28	12	15	29	6	1023
6	10	19	28	19	14	9	1024
6	10	19	14	4	4	11	1025
6	10	19	14	19	4	11	1026
6	10	17	28	21	7	11	1027
3	6	1	28	9	4	3	1028
6	10	15	28	19	14	11	1029
1	12	3	1	1	1	1	1030
32	6	17	3	13	11	11	1031
3	13	1	6	14	9	38	1032
6	42	15	28	19	4	3	1033
6	11	15	5	2	14	6	1034
2	3	18	10	2	1	1	1035
1	4	3	19	1	1	3	1036
6	10	14	28	21	4	9	1037
1	6	3	10	1	5	11	1038
6	10	15	13	21	14	6	1039
1	4	3	37	1	1	2	1040
10	10	7	28	65	18	6	1041
2	3	11	10	2	1	6	1042
6	10	21	3	9	14	11	1043
7	6	17	3	9	11	11	1044
4	10	11	10	11	12	28	1045
1	4	3	37	1	1	11	1046
6	10	20	6	13	14	13	1047
6	10	17	3	4	14	11	1048
12	8	11	2	11	12	4	1049
6	10	19	28	68	4	3	1050
6	16	49	28	4	4	9	1051
2	10	15	28	21	3	2	1052
6	16	14	28	4	14	3	1053
32	12	50	6	48	11	9	1054
6	16	15	28	4	4	3	1055
2	10	14	28	21	14	13	1056
6	10	15	28	9	4	3	1057
32	10	15	14	21	7	6	1058
8	6	34	9	53	8	6	1059
2	10	14	28	4	14	13	1060
32	10	15	14	19	7	34	1061
6	10	19	3	69	4	11	1062
3	10	1	28	14	9	2	1063
12	8	11	53	40	12	4	1064
11	14	16	25	7	13	1	1065
7	6	17	28	21	11	13	1454
2	10	3	13	9	4	206	1457
7	46	17	21	13	11	9	1460
7	10	17	17	13	11	3	1066
6	6	19	25	19	4	7	1067
1	10	2	18	9	14	11	1068
3	10	1	3	35	9	11	1069
2	6	3	1	13	14	11	1072
2	10	17	6	9	4	3	1073
7	10	14	15	21	4	6	1074
8	3	3	15	18	1	6	1075
6	10	2	3	9	4	9	1076
3	6	1	1	14	11	1	1077
7	6	17	20	13	11	6	1078
5	1	22	30	6	10	15	1079
6	6	19	28	19	4	13	1080
17	6	2	28	9	14	11	1081
12	15	11	5	11	12	15	1082
2	10	3	15	9	4	20	1083
6	10	15	14	21	40	9	1084
2	10	5	5	18	5	6	1085
5	2	22	10	6	25	6	1086
7	6	17	28	13	11	11	1087
12	8	11	20	40	12	9	1088
3	4	1	12	14	11	11	1089
2	10	3	15	2	1	20	1090
7	10	17	13	14	11	11	1091
7	4	31	10	48	15	11	1092
6	10	15	14	21	7	6	1093
6	10	20	10	9	4	9	1094
6	10	15	28	21	14	11	1095
21	27	28	3	15	11	11	1096
6	10	20	28	9	4	9	1097
23	10	3	3	8	4	9	1098
7	6	17	6	13	11	9	1099
6	10	15	3	17	14	9	1100
6	6	15	3	9	14	11	1101
3	6	1	28	14	9	11	1102
7	10	17	13	21	11	11	1103
3	13	1	28	14	9	13	1104
1	10	3	3	9	4	3	1105
6	10	15	12	17	14	9	1106
8	10	3	15	18	1	8	1107
28	17	33	19	31	1	1	1108
2	10	15	10	4	4	3	1109
3	1	1	28	14	9	3	1110
1	14	3	1	1	1	1	1111
2	3	5	13	2	1	10	1112
1	4	3	28	1	1	1	1113
7	6	17	3	19	14	11	1114
8	4	17	1	11	31	13	1115
6	10	15	19	28	4	11	1116
6	10	14	28	63	14	9	1117
11	14	16	25	7	13	13	1118
2	10	14	10	21	4	3	1119
2	6	17	1	13	3	1	1120
6	6	15	28	13	14	11	1121
6	10	19	6	19	4	13	1122
17	23	13	11	18	22	15	1123
28	4	3	1	1	1	1	1124
11	4	16	1	15	13	1	1125
11	14	16	12	15	13	1	1126
11	14	16	25	15	13	2	1127
2	14	16	12	15	13	3	1128
2	4	14	28	21	14	9	1129
1	4	3	16	2	1	3	1130
8	6	34	9	2	8	2	1131
3	4	1	54	14	9	7	1132
3	4	1	54	14	9	1	1133
6	10	17	6	13	11	11	1134
10	22	7	3	35	18	6	1135
6	10	23	28	18	14	6	1136
7	43	31	3	48	15	11	1137
6	13	19	6	19	4	11	1138
2	10	23	10	18	14	6	1139
8	10	3	15	1	1	6	1140
12	17	11	10	5	12	10	1141
1	4	3	1	18	1	6	1142
12	8	11	16	11	12	4	1143
2	10	15	12	9	14	11	1144
6	10	17	28	21	4	11	1145
6	10	15	28	9	14	11	1146
5	1	22	55	6	10	36	1147
10	22	7	3	16	18	11	1148
4	8	11	2	11	12	2	1149
8	10	13	2	32	22	6	1150
7	43	31	3	48	15	40	1151
7	6	17	3	13	11	40	1152
2	10	3	28	13	14	3	1153
33	4	3	1	1	1	1	1154
4	8	11	25	29	12	6	1155
6	10	15	3	21	7	9	1156
1	6	3	1	1	1	11	1157
2	14	16	30	15	13	9	1158
3	13	52	10	14	9	11	1159
1	4	3	1	70	1	1	1160
3	1	1	28	1	9	1	1161
2	6	1	6	9	4	11	1162
12	8	11	5	20	5	5	1163
2	10	3	28	9	14	17	1164
2	10	9	12	2	6	6	1165
2	3	9	10	2	1	9	1166
6	10	19	13	22	14	1	755
6	10	19	13	21	14	1	1167
2	3	5	28	2	1	3	1168
7	6	17	3	9	11	6	1169
6	10	15	3	9	4	13	1170
1	10	2	28	9	14	11	1171
6	10	21	12	21	43	11	1172
21	27	28	5	15	29	15	1173
2	10	54	3	9	11	13	1174
3	6	17	3	48	11	1	1175
2	6	17	11	48	8	1	1176
1	4	3	1	2	1	1	1177
28	17	33	19	31	1	2	1178
1	4	3	16	2	1	2	1179
1	4	3	16	2	1	1	1180
3	13	1	3	14	3	6	1181
1	14	16	25	7	13	24	1182
1	14	16	19	15	13	1	1183
2	3	9	10	2	9	6	1184
3	14	16	16	15	13	2	1185
2	3	5	3	2	1	9	1186
2	3	5	13	2	1	6	1187
2	3	5	28	2	1	6	1188
2	3	5	58	2	1	6	1189
2	3	18	12	35	1	6	1190
2	3	58	10	2	1	6	1191
2	10	5	10	2	1	6	1192
2	10	5	10	2	1	9	1193
2	10	5	47	18	5	9	1194
2	10	9	12	2	5	6	1195
2	10	14	3	18	4	11	1196
2	10	57	10	18	5	9	1197
2	23	13	25	18	22	9	1198
2	31	5	21	18	12	6	1199
4	8	11	10	11	12	10	1200
12	8	11	56	2	12	34	1201
12	15	11	56	11	12	34	1202
21	14	29	1	15	29	6	1203
34	27	56	57	72	29	44	1204
2	3	18	10	2	1	10	1205
1	7	11	3	11	1	9	1206
35	10	5	50	2	1	6	1207
2	10	1	28	21	14	3	1208
6	10	15	47	9	14	11	1209
8	19	5	12	18	5	6	1210
2	3	9	30	2	1	6	1211
2	10	17	14	21	14	11	1212
2	6	17	28	9	4	3	1213
3	13	1	3	14	9	1	1214
2	6	48	6	48	5	10	1215
11	14	16	16	15	42	2	1216
6	10	19	1	19	4	11	1217
2	3	6	3	18	1	9	1218
30	14	16	54	7	13	41	1219
2	10	3	6	9	11	13	1220
5	1	22	10	6	10	15	1221
3	14	16	25	7	13	24	1222
6	10	15	13	73	14	6	1224
34	27	55	54	71	44	44	1225
7	10	17	28	13	11	3	1226
11	14	16	19	15	13	3	1227
8	6	34	9	2	8	3	1228
9	10	17	6	13	11	3	1229
7	6	17	6	13	11	40	1230
3	1	22	26	6	10	12	1231
4	7	11	28	11	12	13	1232
10	22	7	6	16	18	40	1233
1	6	17	28	13	11	3	1234
2	3	53	15	2	1	6	1235
6	10	15	10	21	40	6	1236
11	14	16	10	15	13	6	1237
2	6	17	23	1	11	45	1238
26	1	18	60	2	10	6	1239
1	10	3	1	9	1	1	1240
12	7	11	3	11	12	9	1241
8	10	5	10	2	1	6	1242
21	14	29	5	15	29	2	1243
3	7	1	3	14	9	9	1244
4	7	11	3	11	12	15	1245
6	6	15	1	9	14	11	1246
2	23	13	3	18	22	9	1247
2	15	9	10	2	1	6	1248
3	10	1	15	14	9	9	1249
3	12	1	6	1	9	11	1250
6	10	15	13	21	7	6	1251
7	6	3	14	14	11	11	1252
3	4	1	28	35	9	11	1253
7	6	17	3	22	11	11	1254
2	10	3	3	4	11	11	1255
6	10	2	3	13	4	6	1256
4	7	11	3	11	12	13	1257
3	13	1	5	14	9	15	1258
2	8	5	10	2	1	9	1259
2	10	15	28	9	4	3	1260
2	10	17	1	9	4	1	1261
1	4	3	37	1	1	40	1262
2	6	48	6	1	1	40	1263
6	35	19	10	4	43	9	1264
32	12	50	6	48	11	13	1265
12	15	11	56	29	12	34	1266
2	6	48	6	48	5	40	1267
2	9	2	5	3	17	15	1268
2	10	1	28	21	4	13	1269
7	10	1	28	9	14	3	1270
2	10	22	28	9	4	13	1271
2	4	3	1	9	4	1	1272
7	6	17	10	13	11	6	1273
2	6	1	6	9	14	11	1274
12	6	17	2	53	11	11	1275
2	10	21	28	9	4	3	1276
1	4	3	25	1	1	1	1277
3	6	1	1	14	9	7	1278
7	6	17	3	2	11	11	1279
3	6	21	28	12	8	11	1280
1	4	3	25	1	1	10	1281
3	5	1	7	14	9	50	1455
10	14	16	16	15	13	2	1458
2	3	18	40	2	1	2	1283
21	10	29	15	15	29	6	1284
3	10	1	3	1	4	11	1285
12	4	11	10	5	12	6	1286
2	3	60	12	35	1	9	1287
7	6	17	28	13	11	207	1288
2	3	9	10	50	1	6	1461
6	10	15	28	4	4	9	1463
2	43	15	18	19	4	11	1465
8	6	34	9	2	8	9	1467
2	6	17	3	9	11	11	1469
6	14	16	16	15	13	2	1471
6	6	17	28	4	14	6	1289
2	14	16	10	15	13	11	1290
2	10	19	10	19	4	6	1291
2	10	11	10	2	1	6	1292
6	10	19	6	19	4	11	1293
6	10	14	3	2	10	9	1294
6	3	9	10	2	1	6	1295
7	6	17	21	13	11	15	1296
2	10	3	28	77	4	3	1297
10	22	7	3	16	18	1	1298
8	6	3	64	22	8	11	1299
11	14	16	28	15	13	3	1473
12	9	2	5	3	17	2	1282
11	14	16	18	15	13	201	1300
2	11	3	28	9	4	207	1301
6	6	15	3	9	14	2	1475
2	10	4	28	4	4	207	1302
2	3	9	10	2	1	15	1303
2	10	9	3	2	5	9	1304
1	10	18	10	2	1	6	1305
12	6	1	14	14	9	1	1306
12	9	1	5	3	17	15	1307
2	10	15	3	9	14	9	1308
2	15	22	10	2	1	6	1309
6	10	19	3	19	1	9	1310
8	6	17	3	13	11	11	1311
6	10	19	3	2	4	9	1312
6	10	3	3	9	4	9	1313
6	4	15	28	1	1	26	1314
5	6	1	3	14	9	11	1315
3	4	1	28	14	9	11	1316
16	21	12	19	31	21	215	1317
6	10	5	10	9	1	209	1318
1	4	3	5	1	1	213	1223
2	6	17	14	12	8	211	1319
8	1	22	30	6	10	203	1320
13	11	4	9	23	16	214	1321
6	10	22	3	21	3	207	1322
6	10	3	28	9	4	207	1323
5	1	22	30	6	10	203	1324
7	6	3	20	13	11	205	1325
3	10	1	28	14	9	207	1326
11	14	16	31	15	13	210	1327
20	26	27	34	46	27	212	1328
1	4	3	5	50	1	213	1329
2	6	17	28	13	31	207	1330
6	10	14	10	33	1	209	1331
12	8	11	20	40	12	216	1332
2	10	3	28	9	14	207	1333
11	14	16	25	7	13	206	1334
14	18	8	18	28	19	201	1335
6	35	38	42	1	14	207	1336
2	10	3	3	9	14	207	1337
6	10	15	6	17	14	11	1338
3	10	1	28	50	9	3	1339
6	10	19	3	2	4	3	1340
3	13	1	3	14	9	207	1341
2	6	17	6	13	1	11	1342
6	10	21	28	4	14	207	1343
6	10	19	10	19	4	3	1344
17	10	3	1	9	4	3	1345
7	6	17	3	14	11	6	1346
12	1	2	5	3	17	15	1347
6	10	15	5	19	1	11	1348
2	10	17	28	9	4	207	1349
10	22	7	28	16	18	207	1350
6	10	14	28	21	14	207	1351
3	4	1	3	1	9	11	1352
4	8	11	25	29	12	9	1353
2	10	24	28	4	4	207	1354
12	9	26	5	26	17	5	1355
6	10	15	3	21	4	207	1356
2	10	3	16	9	4	208	1357
5	2	22	10	6	25	203	1358
2	10	3	13	9	4	202	1359
22	4	3	36	1	30	204	1360
3	13	1	1	14	9	207	1361
2	10	3	28	9	4	207	1362
17	23	13	63	32	22	46	1363
8	19	5	15	18	5	6	1364
1	4	3	28	1	1	207	1365
7	10	17	28	9	4	13	1366
3	10	15	28	17	14	207	1367
6	29	22	28	21	14	207	1368
8	14	16	25	7	13	206	1369
6	10	17	20	4	14	207	1370
4	8	11	3	8	12	11	1371
2	1	9	10	2	1	6	1372
5	2	3	10	6	25	203	1373
4	3	18	10	5	1	218	1374
3	10	3	28	9	4	9	1375
1	4	3	16	2	1	208	1376
2	14	16	25	7	13	206	1377
2	6	17	28	4	11	207	1378
6	10	14	10	21	4	207	1379
12	10	26	5	3	17	213	1380
6	10	15	28	9	14	207	1381
7	6	3	8	13	11	205	1382
3	24	1	29	34	23	219	1383
2	24	20	29	34	23	219	1384
17	10	17	3	2	14	2	1477
16	21	33	19	41	1	1	1385
6	10	5	12	33	4	6	1386
6	10	21	28	9	4	13	1387
6	10	2	10	9	4	7	1456
12	8	11	5	5	12	15	1388
4	7	11	3	11	9	9	1389
2	10	15	28	4	3	207	1390
22	4	3	8	1	15	204	1391
3	13	1	28	14	9	207	1392
21	10	14	10	21	4	20	1393
2	10	14	10	21	4	20	1394
14	18	8	10	28	19	2	1395
5	10	22	30	6	10	1	1396
6	10	15	27	9	14	11	1397
2	10	19	13	21	14	11	1398
2	10	19	10	21	14	6	1399
11	14	16	1	15	13	207	1400
2	6	3	1	17	4	9	1401
21	27	28	13	15	29	6	1402
5	1	22	16	6	10	26	1403
6	10	15	28	13	14	3	1404
6	10	19	3	19	4	207	1405
2	10	3	66	9	4	6	1406
1	4	61	1	1	1	6	1407
6	10	15	28	21	40	207	1408
6	10	19	28	19	4	207	1409
6	10	15	28	19	14	207	1410
6	10	17	3	4	14	207	1411
6	10	14	28	2	14	9	1412
8	6	34	9	53	8	209	1413
2	10	3	8	9	4	3	1414
2	10	3	10	9	4	207	1415
2	10	2	10	19	4	3	1416
8	6	34	9	2	8	209	1417
6	10	14	28	4	3	207	1418
6	10	5	28	18	14	7	1419
2	10	18	15	1	1	6	1420
1	4	3	4	1	1	2	1421
1	4	3	19	1	1	215	1422
17	23	13	6	32	22	205	1423
23	12	31	6	48	31	220	1424
3	4	1	28	14	9	207	1425
6	10	23	10	18	14	207	1426
3	12	1	6	14	9	220	1427
6	10	19	21	19	4	9	1428
6	10	20	13	9	14	9	1429
6	10	17	28	21	14	9	1430
7	8	8	2	4	2	1	1431
3	10	19	28	19	4	9	1432
11	14	16	1	15	13	11	1433
12	15	11	18	11	12	201	1434
12	23	13	54	32	45	47	1435
6	10	19	67	19	4	48	1436
2	10	3	28	79	4	13	1437
7	10	3	28	9	14	3	1438
6	10	15	28	21	7	207	1439
6	10	15	10	21	40	207	1440
6	10	5	10	33	1	209	1441
2	11	3	28	9	4	13	1442
2	10	3	21	9	4	9	1443
12	7	11	13	18	12	9	1444
6	6	15	14	4	14	221	1445
7	43	31	3	48	15	1	1446
6	10	20	13	9	4	11	1447
2	3	6	10	51	1	9	1448
2	3	6	3	51	1	6	1449
3	10	19	14	4	4	3	1450
1	4	3	1	1	1	49	1451
7	6	17	15	13	9	11	1452
2	10	17	28	13	4	13	1453
6	10	19	28	19	4	7	1459
17	10	15	28	21	4	2	1462
2	10	15	28	19	4	3	1464
2	6	14	28	21	8	3	1466
8	6	7	9	2	8	209	1468
10	22	34	28	16	18	6	1470
2	14	16	31	15	13	210	1472
11	14	16	7	15	13	3	1474
6	10	17	3	2	14	2	1476
17	10	15	28	21	4	207	1478
1	10	18	10	6	1	6	1479
3	13	1	14	14	9	6	1480
3	10	1	15	14	4	6	1481
7	10	3	28	9	4	207	1482
3	13	1	12	14	9	9	1483
3	3	1	10	5	9	9	1484
7	10	17	3	2	14	9	1485
7	6	3	28	13	11	3	1486
7	6	17	6	17	11	9	1487
17	10	2	28	9	14	13	1488
2	10	3	3	9	11	11	1489
2	10	21	28	2	14	9	1490
6	10	19	21	19	4	3	1491
2	10	24	3	50	4	6	1492
2	12	5	11	2	1	6	1493
2	10	3	3	8	4	9	1494
6	10	15	21	17	14	11	1495
3	6	1	14	8	11	11	1496
6	10	15	3	4	14	9	1497
4	8	11	5	40	12	2	1498
6	10	19	12	19	18	6	1499
2	14	29	15	15	29	6	1500
7	3	16	16	15	13	2	1501
2	10	57	28	18	5	1	1502
6	10	15	13	17	13	11	1503
3	6	1	1	11	9	12	1504
1	4	3	1	1	11	1	1505
6	10	22	13	17	14	11	1506
5	4	22	26	6	10	12	1507
2	10	48	28	9	14	3	1508
4	16	11	25	10	12	7	1509
2	6	3	6	9	4	11	1510
2	23	17	3	11	4	2	1511
2	3	9	10	2	13	6	1512
11	14	16	16	15	1	11	1513
21	14	29	21	15	1	15	1514
2	10	22	13	2	5	6	1515
6	10	15	28	4	14	207	1516
1	4	3	5	1	1	201	1517
3	13	1	21	14	9	15	1518
3	4	1	1	2	9	11	1519
21	14	29	35	15	29	206	1520
21	14	28	15	15	29	9	1521
5	1	22	30	6	10	9	1522
5	2	22	10	6	25	13	1523
6	10	15	28	62	14	207	1524
2	3	18	10	2	1	13	1525
12	8	11	10	10	12	2	1526
7	10	3	28	9	4	13	1527
6	10	17	28	17	14	9	1528
12	8	11	10	24	12	6	1529
17	10	15	28	17	3	11	1530
10	22	7	6	14	18	220	1531
12	8	11	2	8	12	9	1532
12	8	11	30	40	12	203	1533
3	10	1	1	1	9	11	1534
6	10	3	28	9	14	207	1535
1	4	3	14	1	1	11	1536
1	6	17	8	13	11	207	1537
2	10	3	1	9	4	6	1538
24	17	62	67	80	9	7	1539
2	10	15	10	9	4	6	1540
21	27	28	54	15	29	206	1541
6	41	22	55	55	10	31	1542
2	10	5	47	18	14	6	1543
6	10	19	12	19	4	6	1544
3	10	1	6	9	9	9	1545
7	10	17	3	13	11	9	1546
6	10	15	28	21	14	207	1547
2	6	17	3	13	11	11	1548
2	6	3	1	9	4	9	1549
7	10	17	3	50	11	9	1550
2	10	17	28	30	14	6	1551
22	10	3	1	1	1	10	1552
3	17	1	5	81	9	51	1553
6	10	15	10	13	14	6	1554
16	21	12	19	82	21	215	1555
7	10	1	28	13	11	3	1556
31	10	20	12	21	4	3	1557
6	10	20	12	1	4	1	1558
3	4	1	1	1	19	1	1559
2	6	34	9	12	8	1	1560
1	14	16	31	15	13	1	1561
1	14	16	16	15	13	9	1562
8	14	16	16	15	13	2	1563
6	10	15	3	21	7	6	1564
3	10	1	7	14	9	6	1565
6	10	15	1	4	7	10	1566
17	23	13	10	18	20	223	1567
3	6	1	6	14	9	13	1568
12	9	26	21	3	17	15	1569
21	10	28	28	15	29	6	1570
15	19	5	15	18	5	6	1571
2	10	3	15	9	11	6	1572
3	10	2	3	1	1	1	1573
2	3	9	10	18	1	6	1574
4	3	18	10	5	1	6	1575
4	7	11	3	59	12	9	1576
2	10	18	28	2	1	9	1578
3	4	15	1	14	9	11	1579
4	7	11	3	11	12	11	1580
6	10	2	28	9	14	9	1581
6	10	14	12	21	4	6	1582
8	10	3	10	14	1	6	1583
5	2	22	5	6	25	15	1584
6	10	19	28	78	1	207	1585
2	10	3	12	9	4	11	1586
21	27	29	54	15	47	9	1587
21	14	29	35	15	29	9	1588
3	27	29	54	15	47	8	1589
21	14	28	35	15	29	206	1590
6	10	15	28	17	14	11	1591
1	4	1	28	14	9	3	1592
2	18	18	15	2	1	6	1577
12	17	11	12	5	12	20	1593
2	10	19	28	21	14	11	1594
12	9	2	5	3	17	9	1595
3	7	1	28	14	9	3	1596
5	4	22	5	6	10	15	1597
3	6	1	6	42	11	34	1598
2	10	2	6	9	4	11	1599
2	10	22	1	9	4	1	1600
2	19	5	10	18	1	9	1601
2	10	1	28	9	4	3	1602
6	10	10	15	21	40	6	1603
1	4	3	10	1	1	209	1604
12	7	3	3	9	4	9	1605
7	6	3	3	13	9	11	1607
6	10	2	10	9	4	9	1608
2	10	3	28	21	4	3	1609
7	6	17	14	13	11	11	1610
2	6	17	6	1	14	11	1611
23	6	17	6	12	14	11	1612
2	6	17	6	12	14	11	1613
7	43	31	3	48	11	11	1614
7	6	17	3	21	11	11	1615
7	6	17	6	8	11	9	1616
7	43	31	6	1	15	11	1617
2	4	17	1	83	14	11	1618
7	6	17	3	84	11	11	1619
7	10	17	6	13	11	207	1620
2	3	9	11	2	1	6	1621
3	6	17	6	13	11	11	1622
2	6	17	1	12	14	11	1623
2	10	3	6	9	4	38	1624
3	26	27	34	46	27	212	1625
7	6	17	6	13	11	38	1626
7	6	17	6	13	9	11	1627
2	6	3	6	9	14	220	1628
12	8	11	18	8	12	201	1629
10	10	7	6	16	18	11	1630
2	12	3	6	9	14	220	1631
3	6	1	6	14	9	220	1632
2	10	19	28	19	4	6	1633
2	6	1	10	14	9	6	1634
3	4	1	1	14	11	30	1635
7	10	1	28	9	4	3	1636
1	10	3	30	1	1	213	1637
2	3	6	10	51	1	218	1638
1	14	16	25	7	13	206	1639
1	14	16	25	7	13	1	1640
7	10	3	28	9	4	3	1641
3	6	1	28	14	9	3	1642
1	4	14	10	9	3	6	1643
2	12	3	6	9	14	224	1644
5	2	22	10	6	10	10	1645
2	10	14	10	21	4	11	1646
6	10	15	13	4	14	1	1647
1	10	17	28	9	14	11	1648
7	6	17	3	13	9	207	1649
17	10	15	28	4	3	207	1650
2	10	15	16	21	14	11	1651
1	10	17	10	2	14	11	1652
2	10	15	16	21	14	1	1653
16	21	33	37	31	1	1	1654
6	4	3	3	9	4	9	1655
1	4	3	1	53	1	1	1656
1	4	3	37	1	1	1	1657
7	6	17	3	4	11	9	1658
12	9	2	5	19	17	15	1659
7	6	17	28	14	11	3	1660
6	10	19	28	9	14	1	1661
1	4	3	16	2	1	9	1662
6	10	19	8	9	4	1	1663
2	10	17	3	2	14	1	1664
6	10	19	3	19	4	1	1665
6	10	19	10	19	4	1	1666
6	10	9	66	9	4	9	1667
6	10	19	13	9	4	1	1668
6	10	19	28	9	7	1	1669
6	10	15	28	21	14	3	1670
6	10	14	28	21	3	1	1671
6	10	15	3	4	14	6	1672
6	10	14	28	21	3	9	1673
2	10	15	16	21	14	9	1674
6	10	15	10	4	4	3	1675
6	10	17	10	2	14	11	1676
6	10	19	66	9	4	9	1677
6	10	15	3	9	14	9	1678
2	10	3	13	9	4	9	1679
1	4	1	10	14	1	6	1681
2	10	15	8	9	4	207	1682
2	4	3	1	1	1	9	1683
12	8	18	5	5	12	15	1684
6	10	15	28	4	14	6	1685
6	10	15	10	21	3	6	1686
4	10	11	10	42	12	10	1687
2	47	3	3	9	4	3	1688
2	10	15	28	17	14	11	1689
22	4	3	1	1	9	1	1690
3	4	1	6	14	11	9	1691
3	6	1	14	8	8	9	1693
12	8	11	21	40	12	9	1694
10	22	7	28	85	18	6	1695
6	10	17	3	9	14	3	1696
5	10	22	24	6	10	6	1697
6	10	15	3	9	14	11	1698
6	10	15	28	21	7	11	1699
6	10	14	48	18	14	6	1700
2	3	5	47	18	5	6	1702
2	3	5	28	33	7	6	1703
6	10	15	28	21	40	11	1704
7	6	17	6	13	4	11	1705
6	6	14	14	4	14	6	1706
5	1	22	27	6	10	12	1707
6	10	17	28	4	14	9	1708
3	10	15	28	4	3	207	1709
2	3	5	28	33	14	6	1710
31	1	20	10	21	4	11	1711
27	3	9	12	2	1	6	1712
17	10	19	67	69	14	207	1713
37	11	4	9	58	16	52	1714
17	6	15	14	9	14	6	1715
6	6	17	28	13	14	11	1716
26	41	22	69	55	48	31	1717
11	14	16	19	15	13	215	1718
11	14	16	65	7	13	217	1719
2	10	17	14	21	14	221	1720
2	10	17	28	13	11	207	1721
2	3	6	50	51	1	9	1722
6	10	20	13	9	4	9	1723
2	7	11	3	11	12	9	1724
8	6	30	6	48	8	10	1725
21	14	29	1	15	29	206	1726
6	10	15	2	4	14	11	1727
32	6	15	6	86	7	6	1728
7	10	17	10	13	4	3	1729
2	6	17	6	8	8	9	1730
2	3	40	69	87	5	6	1731
8	6	30	6	48	8	11	1732
2	6	3	28	4	4	207	1733
6	10	23	70	33	14	9	1734
1	4	3	30	1	1	1	1735
17	10	15	14	17	3	11	1736
3	10	1	28	21	9	3	1737
10	22	7	28	9	18	13	1738
8	3	64	15	21	1	6	1739
19	25	25	68	49	28	225	1740
11	14	32	62	7	33	226	1741
2	19	5	10	33	1	10	1742
4	7	11	3	29	12	17	1743
4	8	11	15	59	26	6	1744
6	10	15	28	21	3	207	1745
6	10	19	28	9	14	207	1746
6	10	15	13	4	14	209	1747
2	3	5	10	2	1	201	1748
6	10	19	10	19	4	209	1749
2	10	15	16	21	14	201	1750
17	10	19	28	4	7	207	1751
6	10	19	28	9	14	208	1752
1	4	3	16	2	1	207	1753
1	10	19	28	4	7	207	1754
6	10	19	8	9	4	207	1755
3	13	1	21	11	9	9	1756
8	8	3	15	18	1	34	1757
2	3	9	1	2	1	6	1758
2	10	21	13	17	14	9	1759
12	15	11	11	18	12	10	1760
6	10	14	10	39	3	10	1761
7	10	21	28	9	14	3	1762
6	14	16	71	15	13	1	1763
27	3	9	12	63	1	6	1764
7	8	17	10	13	12	2	1765
21	23	28	2	15	29	6	1766
4	7	11	3	40	12	37	1767
10	10	7	28	85	18	16	1768
3	6	65	9	2	8	209	1769
2	10	3	36	9	4	9	1770
2	6	17	14	12	8	221	1771
2	6	3	28	9	4	3	1772
6	43	15	6	21	7	53	1773
7	10	3	72	9	4	13	1774
3	4	1	6	1	1	220	1775
4	4	1	1	14	9	24	1776
1	4	3	1	1	1	215	1777
3	14	16	16	15	13	9	1778
2	14	16	16	15	13	9	1779
6	10	20	28	13	14	207	1780
8	6	17	6	12	31	220	1781
2	6	17	28	12	11	207	1782
17	10	15	28	13	14	11	1783
2	10	2	16	13	14	202	1784
2	15	3	73	29	1	201	1785
2	15	3	73	29	1	9	1786
6	8	66	28	4	4	3	1787
26	6	9	52	67	1	6	1788
21	27	28	54	15	29	9	1789
3	12	1	3	1	9	11	1790
6	10	19	28	9	4	207	1791
6	10	3	14	9	4	6	1792
6	10	19	16	19	4	207	1793
10	22	7	28	16	3	8	1794
6	48	14	36	1	49	207	1795
2	8	18	10	2	1	2	1796
2	10	15	28	9	3	9	1797
7	10	17	10	13	4	11	1798
6	10	3	28	9	4	13	1799
4	8	11	2	5	12	4	1800
3	6	3	3	14	9	11	1801
7	6	17	10	11	11	3	1802
3	13	1	6	11	9	11	1803
26	41	22	21	55	48	31	1804
12	29	2	21	3	20	15	1805
4	8	11	3	29	12	9	1806
4	10	11	10	29	12	10	1807
4	8	11	25	11	12	2	1808
17	10	3	27	9	14	3	1809
4	7	11	3	30	12	9	1810
6	10	15	28	4	3	6	1811
2	12	3	6	9	14	11	1812
3	13	1	6	14	9	3	1813
10	22	7	50	8	18	6	1814
7	6	17	3	13	11	207	1815
6	10	17	3	4	14	6	1816
6	10	15	28	21	7	9	1817
10	12	7	28	4	18	11	1818
1	4	3	12	1	1	1	1819
12	8	11	18	8	12	6	1820
5	1	22	30	6	10	11	1821
2	6	3	10	9	14	11	1822
21	14	29	10	15	29	206	1823
12	10	11	5	20	12	2	1824
6	10	15	3	21	4	15	1825
12	10	5	10	18	1	209	1826
3	5	1	8	14	9	207	1827
5	1	22	20	6	10	4	1828
6	10	15	1	17	14	11	1829
7	10	17	28	62	11	11	1830
2	10	14	10	21	4	6	1831
2	4	19	28	21	14	11	1832
2	10	14	10	9	4	3	1833
2	3	18	15	63	1	6	1834
11	14	22	16	15	13	2	1835
2	10	19	28	9	4	13	1836
2	10	3	3	9	4	42	1837
6	10	15	3	2	3	3	1838
3	10	1	28	14	9	4	1839
6	10	15	30	9	4	1	1840
6	41	22	69	55	48	31	1841
2	10	15	12	17	14	11	1842
7	10	17	12	13	11	11	1843
17	10	15	28	17	3	207	1844
21	27	28	28	15	29	9	1845
2	3	9	12	2	1	20	1846
2	3	5	12	2	1	6	1847
6	10	14	5	21	14	9	1848
5	1	20	74	6	10	203	1849
6	10	15	10	13	4	9	1850
6	10	19	12	19	4	207	1851
2	10	63	10	2	1	6	1852
8	10	3	15	29	1	6	1853
5	3	6	10	2	1	6	1854
7	6	17	28	36	11	1	1855
26	9	2	5	3	17	15	1856
6	6	3	28	9	4	11	1857
1	6	3	1	1	1	9	1858
7	10	3	3	9	4	11	1859
2	10	3	3	9	4	207	1860
16	4	33	1	41	1	1	1861
22	4	3	28	1	1	1	1862
6	10	19	28	9	4	9	1863
3	13	1	28	9	9	11	1864
2	3	46	13	2	5	6	1865
21	14	29	11	15	29	6	1867
8	10	20	10	9	17	11	1868
12	9	2	5	19	17	11	1869
2	6	19	10	9	4	40	1870
2	10	5	13	52	1	6	1871
3	13	1	28	14	9	15	1872
6	10	15	28	19	4	207	1873
22	4	3	1	2	1	1	1874
31	10	20	10	19	4	11	1875
6	6	15	28	4	4	9	1876
6	10	19	42	19	4	207	1877
1	10	3	16	2	1	208	1878
6	6	15	14	21	7	6	1879
32	12	50	6	48	11	220	1880
6	10	19	28	69	4	11	1881
8	6	34	5	2	8	15	1882
3	10	1	1	14	9	215	1883
1	10	17	10	19	4	209	1884
6	10	14	28	2	14	3	1885
6	10	19	28	21	12	9	1886
7	6	17	7	13	11	207	1887
8	6	34	8	2	8	11	1888
12	29	2	5	50	20	213	1889
6	10	15	3	4	14	11	1890
4	8	11	5	11	12	34	1891
6	10	14	28	21	14	3	1892
6	16	18	28	4	4	6	1893
6	10	15	8	4	14	207	1894
7	10	15	28	21	7	207	1895
32	6	17	6	48	8	11	1896
27	3	9	3	56	5	6	1897
5	7	22	27	6	10	12	1898
2	10	3	14	9	1	6	1899
2	6	15	28	9	4	13	1900
2	8	11	10	10	1	2	1901
8	6	34	9	2	8	10	1902
6	10	19	28	19	4	1	1903
21	14	29	16	15	29	227	1904
11	14	16	10	15	13	2	1905
6	13	15	28	4	14	11	1906
10	22	7	50	16	18	6	1907
5	2	22	5	6	10	12	1908
2	10	57	13	2	1	6	1909
8	8	3	15	18	1	37	1910
16	21	12	19	31	21	6	1911
9	3	1	30	31	1	20	1912
6	10	5	48	33	1	209	1913
2	29	2	5	50	20	213	1914
2	10	3	1	9	4	3	1915
6	10	15	28	17	14	207	1916
6	10	15	28	9	14	13	1917
10	3	9	10	2	1	6	1918
16	21	12	19	31	21	1	1919
7	6	3	48	13	11	11	1920
6	10	14	28	2	3	6	1921
22	4	3	36	89	30	1	1922
2	10	14	10	88	4	3	1923
2	3	9	12	2	1	6	1924
8	10	3	47	2	1	6	1925
2	10	3	15	9	14	6	1926
3	4	1	1	14	9	13	1927
10	10	7	28	85	18	6	1928
6	6	3	28	9	4	6	1929
6	10	2	28	21	14	3	1930
6	10	19	28	4	4	3	1931
4	8	10	2	10	12	4	1932
7	10	19	10	19	4	6	1933
2	10	3	10	18	17	10	1934
32	35	48	6	48	50	54	1935
3	8	11	10	10	12	2	1936
2	10	15	10	9	4	9	1937
1	3	4	1	1	52	1	1938
2	10	1	3	9	4	6	1939
6	10	15	1	9	14	11	1940
12	8	11	15	20	12	2	1941
2	10	3	13	9	11	202	1942
2	10	3	28	30	14	207	1943
1	4	3	16	1	9	207	1944
6	6	15	6	4	14	9	1945
3	23	13	21	91	20	9	1946
3	4	1	1	1	1	9	1947
3	13	1	16	14	9	55	1948
7	10	3	5	9	4	9	1949
3	10	1	6	14	9	220	1950
3	4	1	6	14	9	220	1951
3	10	1	3	14	9	207	1952
7	6	17	3	2	25	207	1953
11	14	16	31	15	13	207	1954
10	22	7	28	16	18	210	1955
11	4	16	25	15	13	206	1956
2	10	24	28	4	4	210	1957
2	10	24	28	4	4	206	1958
2	10	9	10	2	1	229	1959
2	10	9	27	2	1	229	1960
2	31	5	5	35	5	34	1961
4	3	18	15	5	1	6	1962
4	8	11	5	29	12	6	1963
6	10	17	28	19	14	6	1964
4	3	18	28	5	1	9	1965
6	6	15	6	4	14	11	1966
2	10	3	5	15	1	10	1967
8	6	34	8	2	8	228	1968
6	10	15	13	19	14	6	1969
2	10	5	12	18	5	6	1970
1	4	3	28	1	1	13	1971
6	10	15	3	4	3	3	1972
21	10	28	2	15	29	227	1973
6	10	15	3	13	14	6	1974
3	12	1	6	35	9	220	1975
6	10	3	10	21	4	207	1976
6	10	3	28	21	7	207	1977
2	10	3	28	21	14	3	1978
7	6	17	3	13	11	56	1979
6	10	14	12	21	43	20	1980
4	7	11	3	5	12	9	1981
3	5	1	7	14	32	3	1982
8	10	3	15	33	1	6	1983
6	10	14	28	39	9	3	1984
3	7	1	3	14	11	9	1985
7	10	17	28	9	4	207	1986
7	6	17	3	50	11	9	1987
6	6	19	14	19	4	6	1988
3	10	14	28	21	14	9	1989
12	6	3	6	9	4	38	1990
6	10	19	3	19	14	3	1991
3	6	1	6	11	11	9	1992
10	12	3	6	9	14	220	1993
3	6	1	6	8	11	9	1994
7	6	17	6	13	11	220	1995
10	12	7	28	16	18	11	1996
10	22	7	28	16	18	15	1997
6	10	15	14	21	7	221	1998
3	6	1	6	1	11	9	1999
10	12	7	3	14	18	6	2000
2	6	17	28	13	11	9	2001
10	22	7	28	16	18	8	2002
2	10	24	7	4	4	207	2003
6	6	15	28	9	14	207	2004
6	10	15	28	4	3	207	2005
30	14	67	21	61	13	15	2006
2	10	17	3	9	4	3	2007
6	23	15	3	9	14	11	2008
4	8	11	16	24	12	2	2010
4	7	11	3	4	12	9	2011
2	10	19	13	21	14	207	2012
2	10	19	28	21	14	207	2013
6	10	19	3	4	4	9	2015
32	12	50	10	48	11	6	2016
6	9	2	5	3	17	15	2017
6	9	2	5	3	17	11	2018
6	9	2	5	3	17	6	2019
6	10	19	67	19	4	11	2020
7	9	26	5	3	17	15	2021
12	29	2	21	3	20	39	2022
2	10	5	28	18	14	7	2023
12	9	26	5	27	20	213	2024
6	10	14	28	9	14	15	2025
12	23	13	10	18	22	15	2026
2	10	5	10	18	22	15	2027
2	10	5	12	18	14	15	2028
12	9	26	21	3	20	15	2029
2	10	14	5	35	3	6	2030
12	8	11	2	11	12	205	2031
2	10	5	10	18	14	10	2032
1	4	3	10	1	1	203	2033
1	4	16	1	1	1	9	2034
1	4	68	1	1	1	9	2035
23	12	31	6	14	31	220	2036
19	25	25	33	49	28	225	2037
3	6	1	8	14	11	3	2038
6	10	15	3	21	14	11	2039
2	4	15	28	9	1	9	2040
2	10	5	15	33	5	9	2041
6	29	15	3	9	14	9	2042
4	7	11	3	11	1	8	2043
6	10	2	28	9	4	207	2044
29	49	30	9	66	31	11	2045
1	6	3	1	1	3	1	2046
12	31	11	5	11	12	22	2047
3	10	1	1	14	9	3	2048
2	6	17	25	9	11	6	2049
3	6	1	14	14	9	1	2050
2	10	15	28	2	4	9	2051
6	10	19	13	19	4	202	2052
6	6	15	20	19	14	207	2053
6	6	15	28	4	14	207	2054
3	10	11	3	9	4	9	2055
3	6	1	6	14	9	11	2056
2	10	39	28	9	4	9	2057
3	6	1	6	14	10	11	2058
3	4	1	6	35	9	220	2059
7	4	17	1	1	1	13	2060
11	14	16	71	15	13	1	2061
7	6	17	13	13	9	18	2062
6	10	15	3	21	3	3	2063
6	10	15	28	21	7	10	2064
2	10	3	13	13	4	18	2065
3	6	17	3	14	9	11	2066
7	10	17	3	14	11	11	2067
2	3	9	10	33	1	218	2068
3	10	1	1	14	9	13	2069
6	10	14	28	21	1	9	2070
12	8	11	21	11	12	9	2071
3	10	19	3	19	4	11	2072
8	10	3	15	18	1	24	2073
2	10	10	12	2	1	6	2074
2	10	15	28	4	14	11	2075
7	6	3	3	14	11	11	2076
6	6	21	28	17	14	11	2077
30	50	16	31	61	13	44	2078
12	8	11	21	10	12	17	2079
6	10	15	28	21	14	15	2080
2	10	3	3	9	11	9	2081
2	10	15	28	21	4	207	2082
2	10	15	28	21	4	9	2083
6	10	19	2	19	4	9	2084
6	10	15	28	4	3	1	2085
6	10	15	28	9	14	3	2086
2	10	15	28	21	4	6	2087
2	10	15	28	21	4	1	2088
12	9	2	5	14	20	6	2089
2	10	5	3	18	5	6	2090
5	1	22	30	6	9	203	2091
2	3	3	10	9	14	6	2092
6	10	19	13	19	4	6	2093
12	8	11	40	24	12	2	2094
3	10	1	3	29	9	3	2095
3	4	1	1	14	10	11	2096
2	3	22	15	2	1	6	2097
2	10	3	3	4	9	4	2098
6	51	19	6	19	4	6	2099
7	43	31	3	48	15	2	2100
23	6	1	6	13	15	220	2101
3	10	1	6	14	9	9	2102
17	10	3	13	9	4	202	2103
3	10	1	6	1	9	9	2104
6	10	15	66	21	7	6	2105
2	10	18	12	2	1	6	2106
4	7	11	3	29	12	9	2107
1	4	3	16	1	1	24	2108
6	10	2	10	9	4	6	2109
6	10	2	10	13	4	9	2110
6	6	19	3	19	4	11	2111
12	8	11	2	11	12	216	2112
6	10	21	10	17	14	209	2113
6	10	21	3	17	14	9	2114
7	10	17	3	13	14	207	2115
21	14	29	16	15	29	6	2116
3	4	1	1	14	10	1	2117
3	10	1	10	1	9	11	2118
6	10	3	28	9	4	9	2119
3	8	11	16	42	9	2	2120
6	10	21	3	17	14	57	2121
2	10	3	10	9	4	9	2122
2	6	15	3	19	4	11	2123
10	10	7	28	65	18	13	2124
17	23	13	21	91	22	9	2125
2	3	5	11	18	1	6	2126
12	5	1	10	14	32	6	2127
27	3	9	15	5	5	6	2128
2	22	7	28	16	18	6	2129
1	4	69	1	1	1	1	2130
21	27	28	3	15	29	11	2131
27	10	9	15	56	5	6	2132
11	14	16	76	15	13	2	2133
2	3	9	12	35	1	6	2134
5	2	20	27	6	10	12	2135
6	10	15	28	11	12	9	2136
12	23	13	5	32	22	15	2137
2	10	5	12	33	14	39	2138
11	14	16	10	15	13	9	2139
4	3	18	10	5	1	9	2140
6	10	15	12	21	14	207	2141
12	9	2	21	3	20	15	2142
12	9	11	10	11	12	6	2143
38	8	11	21	29	12	9	2144
2	9	2	21	3	17	15	2145
7	10	17	3	1	11	9	2146
2	10	14	10	21	14	1	2147
7	10	17	28	13	11	207	2148
5	10	22	10	6	10	10	2149
7	6	3	8	13	11	58	2150
2	6	17	6	13	11	59	2151
21	14	28	5	15	29	10	2152
2	10	18	15	1	5	6	2153
27	3	9	43	56	1	3	2154
6	46	15	25	48	14	11	2155
6	10	19	10	2	4	9	2156
2	3	9	10	92	1	6	2157
2	12	3	1	9	4	220	2158
2	10	15	3	9	4	13	2159
30	13	70	15	61	53	6	2160
3	13	1	6	14	9	6	2161
6	10	15	21	30	14	9	2162
2	6	1	3	14	9	6	2163
6	10	14	21	21	4	15	2164
2	6	17	16	13	11	11	2165
3	14	3	16	15	13	2	2166
7	4	17	1	17	11	11	2167
6	10	2	3	9	4	3	2168
5	1	22	30	6	10	213	2169
2	10	1	28	21	4	11	2170
3	10	1	1	14	12	15	2171
12	17	11	15	5	1	20	2172
8	10	3	10	33	1	6	2173
2	3	40	5	52	5	6	2174
3	10	1	3	14	1	11	2176
1	4	3	16	1	1	9	2177
2	6	3	28	9	4	11	2178
2	10	3	10	2	1	6	2175
2	10	15	28	17	14	207	2179
6	10	3	28	19	4	3	2180
1	4	3	1	1	1	8	2181
10	22	7	28	16	18	3	2182
2	10	14	10	19	4	9	2183
21	14	28	10	15	29	6	2184
8	29	5	5	11	20	15	2185
30	18	44	77	61	13	217	2186
6	6	19	13	19	4	6	2187
3	12	1	1	14	9	1	2188
21	14	29	3	15	29	9	2189
2	10	3	28	13	4	207	2190
2	10	24	3	17	4	6	2191
2	10	24	3	9	4	6	2192
12	10	5	10	33	1	209	2193
2	1	9	10	59	1	6	2194
6	10	17	3	4	4	11	2195
6	6	15	3	4	14	11	2196
3	5	1	7	14	11	8	2197
6	10	15	7	17	4	3	2198
7	5	1	7	14	32	8	2199
11	14	16	1	7	13	207	2200
17	6	15	3	9	14	11	2201
2	10	17	14	21	14	8	2202
6	6	15	3	9	4	3	2203
6	6	15	3	4	4	13	2204
17	10	15	7	17	14	11	2205
11	6	16	16	15	13	2	2206
2	10	19	28	19	4	3	2207
6	4	14	3	21	4	11	2208
6	10	15	28	21	4	9	2209
1	4	3	1	93	30	1	2210
2	43	48	6	94	31	40	2211
6	10	15	78	21	4	6	2212
7	6	3	16	13	11	26	2213
2	10	5	50	2	1	6	2214
2	10	15	28	19	4	13	2215
1	10	19	28	9	14	11	2216
1	4	3	1	95	1	1	2217
2	53	3	6	48	15	40	2218
3	13	1	1	14	9	9	2219
6	10	14	10	63	3	6	2220
6	10	5	11	10	1	209	2221
7	6	17	25	13	11	7	2222
6	6	17	8	4	14	207	2223
1	10	3	15	6	2	6	2224
2	10	15	10	9	4	2	2225
8	15	3	10	18	1	6	2226
2	10	3	28	1	14	207	2227
4	13	11	13	11	9	9	2228
2	6	17	9	12	8	9	2229
2	6	17	3	12	8	9	2230
10	22	7	28	16	18	9	2231
6	10	15	28	21	4	2	2232
6	10	3	28	9	4	1	2233
4	8	11	28	11	12	9	2234
2	12	48	6	48	11	3	2235
12	3	9	10	2	1	6	2236
8	6	34	9	53	8	3	2237
32	53	17	6	12	4	9	2238
6	10	20	10	9	14	9	2239
6	10	19	28	9	4	3	2240
2	15	3	10	2	1	6	2241
12	31	2	5	3	17	6	2242
2	10	3	3	1	4	11	2243
2	6	17	7	12	8	9	2244
12	9	2	21	76	17	15	2245
6	10	5	3	4	14	9	2246
16	21	12	19	31	21	9	2247
6	10	15	28	13	11	3	2248
7	6	17	3	39	11	9	2009
1	4	3	5	1	1	22	2249
28	21	33	37	41	1	1	2250
7	6	17	19	1	11	1	2251
6	10	15	10	21	14	2	2252
2	6	11	3	40	14	1	2253
28	21	33	37	41	1	222	2254
28	21	33	37	41	1	215	2255
16	21	33	37	41	1	222	2256
5	2	22	23	6	25	2	2257
21	27	29	80	15	29	230	2258
1	14	16	1	15	13	2	2259
1	4	3	3	1	1	1	2260
10	14	16	1	15	13	2	2261
1	4	3	19	1	30	3	2262
7	6	17	6	1	11	11	2263
7	6	17	3	48	11	3	2264
7	6	17	3	1	11	3	2265
16	4	3	19	1	30	3	2266
28	21	33	37	41	1	9	2267
6	10	15	10	21	14	1	2268
16	4	3	19	1	1	1	2269
7	6	31	19	48	11	3	2270
1	4	3	19	1	1	11	2271
16	4	3	1	1	30	1	2272
7	6	17	3	48	15	11	2273
23	12	31	6	48	31	1	2274
6	10	11	3	40	14	1	2275
7	6	17	19	1	11	3	2276
7	6	1	3	14	11	3	2277
28	21	33	37	41	1	3	2278
23	12	31	3	48	31	1	2279
1	4	3	19	1	30	215	2280
1	14	16	10	15	13	13	2281
10	14	16	12	15	13	215	2282
17	23	13	54	32	44	47	2283
1	4	3	1	1	1	60	2284
6	10	14	28	2	14	207	2285
4	10	11	3	11	12	9	2286
6	10	14	10	21	3	9	2287
1	6	1	1	14	1	1	2288
2	10	3	15	9	4	6	2289
2	10	3	28	9	11	9	2290
6	10	3	13	9	4	3	2291
2	10	3	10	9	14	3	2292
7	6	17	12	13	11	207	2293
17	10	3	16	9	4	26	2294
12	8	11	10	5	12	2	2295
6	10	19	3	14	4	11	2296
2	3	5	23	2	1	37	2297
6	10	14	28	21	4	11	2298
1	10	3	5	1	1	213	2299
7	6	17	28	2	11	9	2300
1	4	3	1	1	1	61	2301
21	27	28	21	15	29	9	2302
6	10	15	28	33	4	13	2303
2	10	19	13	21	14	3	2304
6	6	15	10	21	40	11	2305
6	10	15	12	21	14	62	2306
1	10	3	1	1	30	1	2307
21	14	29	10	15	29	10	2308
5	10	18	12	2	1	6	2309
1	4	3	1	93	1	204	2310
3	7	1	3	5	11	11	2311
1	14	16	31	15	13	210	2312
8	3	9	15	2	1	6	2314
6	10	2	28	4	1	207	2315
2	10	3	6	9	4	9	2319
2	10	3	30	9	4	203	2320
29	10	19	28	19	4	3	2322
7	6	1	3	14	11	11	2323
22	10	3	1	1	1	6	2324
3	14	16	1	15	13	207	2325
21	14	29	3	75	44	9	2326
6	10	15	28	9	4	6	2327
4	8	11	40	40	12	2	2328
11	14	16	12	7	13	3	2329
1	4	3	12	1	1	9	2330
22	4	3	1	1	1	9	2331
6	10	19	14	21	4	11	2332
17	13	1	28	27	9	3	2333
19	6	17	3	13	10	6	2334
2	6	3	3	9	4	207	2335
7	29	2	21	3	20	39	2336
7	10	15	28	14	40	11	1070
7	12	17	3	35	11	11	2337
7	6	31	8	48	11	11	2338
3	6	1	28	19	4	11	2339
10	12	7	81	16	18	6	2340
6	6	15	28	4	14	63	2341
6	6	15	28	4	14	2	2342
3	13	1	6	12	9	11	2343
2	10	18	15	33	5	6	2344
2	10	57	28	2	1	6	2345
2	6	3	13	14	14	2	2346
7	1	17	15	13	11	6	2347
2	10	19	6	19	4	11	2348
7	10	19	3	19	4	6	2349
6	10	15	28	17	14	6	2350
1	7	11	4	1	12	9	2351
2	6	17	17	13	11	6	2352
2	3	6	10	1	1	6	2353
2	6	3	28	9	4	6	2354
1	14	16	25	15	13	1	2355
3	12	1	6	35	9	6	2356
1	14	16	25	15	13	206	2357
2	14	16	31	15	13	11	2358
2	14	16	1	15	13	10	2359
6	14	16	1	15	13	10	2360
3	10	1	28	11	9	3	2361
8	1	22	30	6	10	1	2362
12	17	11	10	5	12	3	2363
12	17	11	10	5	12	1	2364
12	14	16	18	15	13	201	2365
2	3	3	13	33	1	6	2366
6	10	15	28	21	7	1	2367
2	12	48	1	48	11	1	2368
8	10	3	15	2	26	20	2369
20	23	14	44	21	4	6	2370
2	19	5	10	33	1	2	2317
12	8	11	23	59	12	2	2371
7	6	17	3	13	9	6	2372
6	10	2	10	13	4	6	2373
21	27	28	82	15	29	9	2374
7	6	3	15	13	3	3	2375
7	6	3	8	13	3	3	2376
2	10	15	12	9	14	13	2377
7	6	3	28	13	11	9	2378
11	14	16	30	15	13	213	2379
7	10	17	1	14	11	1	2380
1	6	16	16	15	1	2	2381
2	10	11	10	11	12	28	2382
2	10	15	12	9	14	9	2383
2	10	22	15	6	1	6	2384
2	23	13	10	33	22	6	2385
2	6	17	10	9	4	11	2386
6	23	15	10	9	14	9	2387
6	6	15	14	4	14	11	2388
2	3	5	10	18	1	6	2389
16	21	33	37	31	1	2	2390
16	21	33	37	41	1	2	2391
2	10	15	3	21	14	9	2392
12	8	11	5	20	12	9	2393
10	10	7	28	8	18	11	2394
2	53	48	6	48	15	207	2395
2	6	17	6	96	3	11	2396
3	6	1	21	11	11	9	2397
7	12	17	21	11	11	11	2398
7	6	17	21	11	11	9	2399
3	10	1	28	14	54	3	2400
7	6	17	84	11	11	9	2401
2	3	18	3	2	1	9	2402
2	15	18	10	2	1	6	2403
2	15	3	10	9	4	6	2404
8	10	1	15	14	9	6	2405
6	10	15	28	21	40	9	2406
11	14	16	12	15	13	215	2407
5	1	17	13	9	4	207	2408
12	23	13	10	18	22	10	2409
12	7	11	25	11	12	1	2410
7	6	14	3	13	11	9	2411
7	6	17	28	13	11	1	2412
2	6	17	3	13	11	7	2413
6	10	17	28	4	14	3	2414
12	15	11	40	10	12	24	2415
7	6	1	21	13	11	9	2416
34	27	56	15	72	29	6	2417
11	14	16	31	15	13	1	2418
11	4	16	25	7	13	206	2419
1	4	3	1	1	1	64	2420
2	7	11	3	1	12	11	2421
3	4	1	1	1	1	1	2422
7	6	3	3	13	11	2	2423
5	2	22	51	6	25	31	2424
10	3	5	5	18	1	10	2425
12	10	15	5	13	14	15	2426
2	10	14	5	39	13	6	2427
2	10	3	1	9	1	1	2428
6	10	15	10	9	17	6	2429
3	10	1	12	1	9	9	2430
3	10	14	28	21	14	3	2431
7	10	3	5	18	1	10	2432
6	1	22	30	6	10	203	2433
6	10	19	28	75	1	1	2434
8	10	18	10	2	1	6	2435
1	4	3	10	18	1	1	2436
4	8	11	23	11	12	37	2437
26	41	73	85	55	10	65	2438
2	3	9	10	93	1	6	2439
2	1	22	5	6	10	15	2468
3	6	1	10	14	11	11	2441
4	10	15	28	4	14	11	2442
12	8	11	10	20	12	10	2443
2	8	5	16	35	5	2	2444
6	23	13	11	91	22	9	2445
2	10	18	10	29	1	6	2446
2	10	48	10	17	14	3	2447
1	4	3	1	5	1	3	2448
12	6	17	3	11	11	11	2449
6	23	15	21	9	14	9	2450
2	10	3	1	9	1	20	2451
12	4	1	3	14	9	9	2452
7	6	17	3	4	11	11	2453
2	23	17	3	9	4	6	2454
6	10	3	28	9	14	3	2455
6	10	15	13	9	11	6	2456
8	10	3	15	18	55	6	2457
3	7	1	3	1	9	11	2458
2	10	5	10	18	5	6	2459
2	3	5	11	2	5	6	2460
3	7	1	3	1	12	11	2461
26	2	35	10	6	10	203	2462
2	3	3	15	2	1	6	2463
6	10	74	10	9	14	6	2464
4	8	11	16	5	12	2	2465
7	6	17	14	4	11	1	2466
1	4	3	86	1	1	1	2467
6	10	15	3	19	4	6	2469
5	3	9	10	2	1	6	2470
3	13	1	10	14	9	7	2471
7	6	3	3	9	4	11	2472
5	8	11	5	20	12	2	2473
2	3	9	13	2	5	11	2474
2	10	1	3	9	4	9	2475
1	4	17	1	83	14	11	2476
12	14	16	16	15	13	2	2477
6	10	14	5	39	4	9	2478
5	10	22	3	6	2	9	2479
2	3	18	15	93	1	6	2481
2	3	5	3	2	1	6	2482
1	4	3	5	5	1	15	2483
10	12	7	3	35	18	6	2484
1	4	3	1	1	52	1	2485
12	29	2	5	27	20	213	2486
12	9	2	5	26	17	15	2487
22	4	3	87	1	30	1	2488
12	8	11	3	11	12	9	2489
2	6	3	28	9	4	207	2490
21	14	28	10	15	29	10	2491
12	54	1	28	14	4	6	2492
12	31	2	5	27	20	34	2493
6	6	15	3	9	14	207	2494
2	4	17	6	1	14	11	2495
6	3	15	10	21	1	6	2496
2	19	5	10	35	1	10	2497
2	3	18	10	97	1	6	2498
6	10	15	10	9	40	10	2499
6	23	15	10	19	14	9	2500
7	6	17	3	29	11	11	2501
5	3	22	15	6	1	6	2502
12	8	26	5	3	17	15	2503
12	15	2	6	50	12	15	2504
6	10	15	3	98	14	9	2505
5	12	17	21	11	11	11	2506
6	23	15	10	14	3	9	2507
1	4	3	5	21	1	213	2508
3	10	1	3	14	9	13	2509
7	6	17	14	2	1	11	2510
4	55	11	3	11	12	9	2511
11	14	16	1	7	13	2	2512
12	8	11	8	29	12	2	2513
2	10	5	5	63	5	6	2514
2	10	5	5	93	5	6	2515
2	19	5	1	63	1	10	2516
2	19	5	76	18	1	2	2517
3	12	1	14	14	8	3	2518
2	19	5	76	38	1	2	2519
4	8	11	1	10	12	2	2520
26	41	22	3	11	10	9	2521
12	29	26	21	26	17	6	2522
2	6	17	14	9	11	11	2523
16	4	3	19	1	1	3	2524
16	4	3	19	1	30	215	2525
7	14	16	1	15	13	2	2526
7	14	16	12	15	13	1	2527
7	6	31	19	48	11	215	2528
1	4	3	19	1	1	30	2529
1	14	16	12	15	13	215	2530
7	14	16	1	15	13	1	2531
1	4	31	19	1	1	1	2532
7	6	17	1	1	9	3	2533
7	6	17	3	13	11	30	2534
1	10	19	1	19	4	1	2535
23	12	48	6	48	11	220	2536
2	12	48	6	48	11	220	2537
7	6	17	3	13	15	220	2538
7	12	3	8	13	11	3	2539
3	6	1	8	13	11	3	2540
6	10	14	28	21	3	3	2541
11	4	16	16	15	13	9	2542
6	6	19	28	19	11	9	2543
29	49	30	10	66	31	11	2544
23	43	17	6	12	15	40	2545
8	49	34	9	53	8	209	2546
1	4	3	1	1	1	217	2547
3	10	31	88	1	9	1	2548
1	56	3	1	1	1	1	2549
6	10	14	28	4	4	3	2551
26	41	22	3	55	10	31	2552
7	6	17	14	2	11	11	2553
6	10	15	10	9	14	207	2554
3	10	1	6	1	9	220	2556
2	8	11	5	29	12	10	2557
12	8	11	5	29	12	2	2558
2	3	9	10	2	1	7	2559
2	10	3	23	9	4	15	2560
6	10	17	10	19	11	11	2561
5	1	22	12	6	10	9	2562
17	10	3	28	4	3	11	2563
2	23	13	5	18	22	15	2564
8	10	15	28	12	15	201	2565
5	3	6	10	2	1	9	2566
3	10	1	6	14	9	13	2567
1	14	16	1	7	13	206	2568
6	16	15	10	21	14	10	2569
3	14	16	31	15	13	210	2570
6	10	15	12	21	40	6	2571
7	6	31	28	48	11	3	2572
10	22	7	3	16	18	9	2573
2	6	17	28	13	3	207	2574
7	6	17	13	13	11	202	2575
12	23	13	28	32	45	207	2576
12	9	26	5	26	17	9	2577
3	10	1	10	14	9	28	2578
2	5	3	28	9	4	6	2579
6	10	19	28	19	14	3	2580
2	32	20	38	34	35	219	2581
2	10	15	10	9	4	11	2582
4	8	11	5	11	12	15	2583
5	1	22	5	6	10	203	2584
2	10	3	1	9	4	13	2585
6	10	75	6	17	14	11	2586
10	10	7	28	9	18	13	2588
10	22	7	3	16	18	207	2589
3	13	1	8	14	9	3	2590
1	10	3	28	9	14	1	2591
7	6	17	3	13	11	6	2592
2	10	9	10	2	5	9	2593
6	3	15	28	9	14	11	2594
6	10	19	3	4	3	3	2595
6	10	15	14	9	14	3	2596
3	10	14	28	9	14	3	2597
1	6	3	3	13	11	11	2598
6	23	15	28	9	14	207	2599
2	10	11	15	2	5	9	2600
23	12	31	3	48	31	11	2601
1	4	3	88	1	1	1	2602
16	21	33	37	31	1	222	2603
28	21	33	37	41	1	2	2604
2	10	46	47	52	5	9	2605
2	10	18	13	25	5	6	2606
21	14	28	10	15	29	9	2607
3	10	1	10	14	4	6	2608
5	2	22	10	6	12	203	2609
6	10	15	10	17	14	6	2610
6	10	19	3	21	4	11	2611
3	3	1	10	1	1	6	2612
6	10	14	10	4	14	207	2613
3	10	31	28	14	9	13	2614
2	3	18	14	25	5	6	2615
10	10	7	6	14	18	6	2616
2	3	9	10	2	1	209	2617
6	10	19	28	21	4	207	2618
2	10	3	13	9	4	6	2619
6	10	15	6	9	14	207	2620
6	10	20	28	9	14	11	2621
6	12	17	28	9	14	207	2622
7	6	17	6	14	11	11	2623
6	23	14	28	39	3	207	2624
6	10	20	28	21	14	207	2625
1	4	3	19	31	1	215	2626
2	3	5	50	2	1	6	2627
1	4	3	6	1	1	3	2628
3	13	1	30	14	9	203	2629
21	14	28	15	15	26	6	2631
21	14	28	10	15	26	6	2632
6	10	15	6	4	14	11	2633
8	10	76	10	2	1	6	2634
1	4	3	1	99	1	1	2635
12	9	2	5	100	17	15	2636
2	10	15	28	9	4	207	2637
1	4	3	89	1	30	218	2638
1	4	3	89	41	30	218	2639
16	21	33	19	41	1	215	2640
7	6	17	19	36	11	215	2641
2	10	3	20	9	14	3	2642
6	10	14	10	21	14	209	2643
2	10	15	15	9	4	6	2644
7	4	31	6	48	15	9	2645
5	1	22	5	6	10	4	2646
2	10	17	16	9	4	26	2647
2	3	18	11	2	1	6	2648
2	10	3	6	9	14	11	2649
7	10	15	28	4	3	207	2650
6	6	17	28	21	7	207	2651
24	13	1	15	101	9	6	2652
2	8	5	12	2	1	6	2653
10	14	16	25	7	13	206	2654
2	19	5	12	18	5	6	2655
6	6	19	28	102	4	6	2656
2	3	5	3	2	5	9	2657
1	6	3	10	9	1	11	2658
2	19	5	5	35	5	6	2659
7	1	17	26	13	11	10	2660
6	10	14	3	2	14	9	2661
6	35	14	3	4	14	9	2662
10	22	7	47	16	18	221	2663
5	1	22	30	6	14	203	2664
6	4	15	28	13	14	9	2665
10	22	7	50	14	18	6	2666
12	8	11	2	8	12	4	2667
6	10	17	3	9	14	207	2668
6	10	15	21	17	14	19	2669
2	3	5	40	2	1	6	2670
10	23	13	6	32	22	205	2671
6	10	3	28	9	7	207	2672
2	57	48	28	9	14	207	2673
6	10	3	28	21	56	9	2674
4	8	11	23	35	12	28	2675
4	29	2	5	50	17	15	2676
27	3	9	10	56	5	37	2677
2	6	9	6	2	1	11	2678
3	10	1	28	59	9	3	2679
3	13	22	15	14	9	6	2680
6	10	2	10	13	14	9	2681
1	10	15	28	9	4	3	2682
6	10	15	21	21	40	9	2683
2	31	3	10	18	1	9	2684
1	3	9	13	2	6	6	2685
6	10	19	10	9	4	9	2686
2	10	46	10	52	5	9	2687
6	10	15	3	13	14	9	2688
1	4	3	1	31	1	1	2689
6	6	3	28	9	4	207	2690
8	10	3	13	2	1	6	2691
4	15	11	3	11	12	9	2692
10	3	7	28	16	18	6	2693
6	10	2	28	4	14	207	2694
2	3	9	10	2	1	37	2695
2	10	3	15	18	1	6	2696
2	10	14	28	21	4	3	2697
6	10	14	3	19	4	11	2698
16	21	33	37	31	1	215	2699
8	49	34	9	12	8	209	2700
6	10	3	78	9	4	218	2701
3	6	1	7	14	11	6	2702
12	23	13	54	32	45	15	2704
2	6	21	28	12	8	9	2630
4	29	2	5	20	17	15	2705
4	8	11	5	29	12	17	2706
12	8	11	16	24	12	9	2707
2	3	6	10	5	1	9	2708
6	10	15	12	21	14	11	2709
6	16	14	3	21	14	9	2710
2	6	15	28	9	4	9	2711
21	14	29	15	15	29	206	2712
1	10	14	10	9	3	6	2713
6	15	15	15	4	4	6	2714
2	3	18	10	2	1	9	2715
2	3	38	10	17	4	3	2716
17	10	17	28	4	3	9	2717
7	6	3	28	17	4	6	2718
17	23	13	10	103	22	10	2719
1	58	3	1	1	1	1	2720
1	4	3	1	1	57	1	2721
6	8	49	28	4	4	3	2722
6	10	17	13	17	14	11	2723
7	43	31	3	48	10	40	2724
7	10	17	3	17	9	11	2725
3	1	22	30	6	10	203	2726
2	3	18	3	2	1	6	2727
2	19	5	10	18	1	34	2728
3	13	1	13	14	9	202	2729
2	10	14	10	9	3	9	2730
2	10	19	5	21	14	213	2731
2	3	18	15	35	1	10	2732
2	3	9	10	33	1	10	2733
7	10	3	28	13	14	3	2734
2	10	19	67	19	4	48	2735
2	10	3	13	9	14	3	2736
1	6	14	3	2	3	6	2737
30	14	67	31	61	13	210	2738
6	10	17	54	9	14	6	2739
7	6	14	3	30	3	6	2740
7	10	14	3	2	3	1	2741
12	29	2	90	50	5	15	2742
2	10	15	3	9	4	3	2743
6	10	15	10	21	7	6	2744
2	10	5	15	2	1	6	2745
3	6	1	3	14	3	9	2746
2	10	15	1	9	4	6	2747
6	10	19	5	39	14	9	2748
2	3	5	91	2	1	6	2749
2	15	9	10	35	1	9	2750
11	14	16	13	15	13	9	2751
27	14	16	13	15	13	9	2752
6	10	15	28	13	14	11	2753
6	10	15	28	13	14	207	2754
2	10	5	12	18	14	207	2755
3	10	19	28	19	4	6	2756
3	4	1	1	14	4	11	2757
21	3	29	10	15	29	6	2758
8	27	28	2	15	29	6	2759
1	6	14	3	104	3	9	2760
12	9	2	5	50	17	6	2761
3	6	1	14	1	9	6	2762
2	6	77	14	13	15	11	2763
3	5	1	7	14	1	5	2764
4	29	2	5	3	17	209	2765
6	10	14	3	2	14	6	2766
1	4	3	10	1	1	6	2767
31	10	20	10	21	4	3	2768
6	10	15	3	21	3	15	2769
1	6	21	1	1	1	1	2770
12	8	11	23	1	26	2	2771
22	1	3	10	1	30	6	2772
8	49	3	64	22	8	11	2773
7	6	17	3	48	11	11	2774
1	4	3	10	1	30	1	2775
6	16	14	3	21	14	6	2776
8	4	3	64	22	8	11	2777
23	4	3	1	1	30	1	2778
1	4	3	10	93	30	10	2779
2	9	26	5	50	17	213	2780
7	43	31	1	48	15	11	2781
6	10	15	10	21	40	11	2782
8	6	65	11	2	8	11	2783
6	10	3	16	9	4	208	2784
12	29	11	5	11	20	15	2785
3	10	1	28	14	9	220	2786
3	29	15	28	9	4	220	2787
2	10	15	28	9	14	3	2788
32	43	48	6	48	31	40	2789
2	53	48	6	48	15	40	2790
2	10	1	28	9	4	207	2791
2	12	48	6	48	15	209	2792
2	10	15	28	78	4	207	2793
2	6	17	3	13	8	9	2794
22	4	3	36	1	30	11	2795
2	12	48	6	48	15	220	2796
29	49	30	9	66	31	209	2797
5	1	22	74	6	10	203	2798
6	10	14	28	21	3	207	2799
6	10	17	28	9	4	207	2800
29	49	30	9	66	31	220	2801
2	12	48	6	48	11	1	2802
8	6	30	9	2	8	209	2803
16	21	33	19	31	21	215	2804
6	10	14	28	9	14	9	2805
2	10	3	6	9	4	3	2806
6	10	15	3	13	14	3	2807
6	10	15	10	9	3	3	2808
6	4	15	28	21	14	1	2809
2	10	1	6	14	11	11	2810
6	10	3	28	9	4	3	2811
5	1	22	30	6	12	203	2812
17	10	15	3	2	3	11	2813
2	10	19	3	19	4	11	2814
17	23	13	15	32	22	6	2815
12	29	2	5	13	20	15	2816
2	10	9	10	2	3	6	2817
4	8	11	5	29	2	10	2818
7	6	11	28	13	11	13	2819
21	27	55	54	15	29	206	2820
7	10	17	3	13	11	15	2821
21	14	43	16	15	29	2	2822
12	23	13	10	18	45	10	2823
6	6	15	3	21	14	11	2824
2	10	5	3	52	5	9	2825
2	10	14	10	9	4	9	2826
8	29	5	5	2	20	15	2827
7	27	28	5	15	29	6	2828
21	27	28	15	15	29	6	2829
2	3	3	12	2	1	9	2830
6	10	17	3	9	4	11	2831
7	6	31	7	48	15	9	2832
4	8	11	28	34	12	3	2833
2	12	3	6	106	14	220	2834
2	15	18	13	25	5	6	2835
6	6	38	1	1	14	15	2836
2	24	78	38	34	23	3	2837
3	6	1	1	14	1	1	2838
4	15	11	3	29	12	9	2839
32	12	50	1	48	11	6	2840
3	10	1	28	14	4	3	2841
2	59	5	10	2	1	6	2842
6	10	21	28	9	14	11	2843
2	13	24	28	4	4	207	2844
11	14	16	28	15	13	6	2845
3	10	1	28	1	9	6	2846
6	10	15	3	21	40	9	2847
1	4	3	10	2	30	1	2848
1	4	3	1	1	30	6	2849
2	10	3	28	19	4	3	2850
6	10	15	13	9	14	9	2851
6	10	15	13	17	14	9	2852
5	1	22	92	6	10	6	2853
2	10	20	93	21	4	207	2854
6	4	19	28	19	4	15	2855
6	10	15	15	17	14	6	2856
11	14	16	3	15	13	2	2857
12	9	2	5	3	20	15	2858
11	14	16	12	15	13	9	2859
27	3	9	25	56	5	205	2860
3	13	1	28	8	9	11	2861
2	10	17	6	12	8	11	2862
2	10	17	6	14	11	207	2863
12	10	13	28	32	45	9	2864
8	49	34	8	12	8	228	2865
6	10	15	14	21	4	207	2866
2	10	15	12	19	4	3	2867
3	10	1	5	14	9	3	2868
7	4	3	10	1	1	13	2869
4	8	11	2	8	12	4	2870
1	4	3	1	35	1	1	2871
3	13	1	8	14	9	207	2872
1	10	3	28	9	4	13	2873
3	10	1	28	1	9	201	2874
32	6	17	10	11	11	11	2875
3	10	1	3	14	9	3	2876
7	6	17	10	13	59	11	2877
6	3	15	28	21	4	9	2878
8	3	9	10	2	1	218	2879
6	10	15	6	17	14	207	2880
6	8	11	23	29	12	2	2881
3	6	1	3	29	9	9	2882
10	22	79	28	16	18	6	2883
3	10	1	28	14	14	3	2884
16	21	33	1	41	1	1	2885
21	14	28	35	15	29	6	2886
8	15	3	28	18	1	6	2887
7	3	17	3	2	11	11	2888
40	60	80	94	103	33	232	2889
3	13	1	6	14	9	207	2890
3	10	1	7	4	32	11	2891
2	6	17	6	12	8	207	2892
21	14	29	54	15	29	206	2893
3	4	1	2	14	9	11	2894
2	10	3	28	1	4	11	2895
1	4	3	1	1	1	207	2896
6	7	14	28	4	4	13	2897
21	27	18	2	15	29	6	2898
30	15	67	28	7	13	207	2899
3	23	13	95	32	60	233	2900
7	6	17	3	35	11	11	2901
3	13	11	3	14	9	207	2902
11	14	16	28	15	13	11	2903
6	10	14	10	21	14	11	2904
6	10	21	28	21	14	11	2905
2	10	3	28	13	4	13	2906
6	10	14	28	21	1	6	2907
41	23	13	95	32	60	233	2908
7	7	17	3	13	12	11	2909
5	1	22	3	6	10	11	2910
6	10	19	6	9	4	9	2911
12	31	11	56	11	12	34	2912
6	43	15	28	4	3	207	2913
8	29	5	5	5	20	15	2914
8	29	79	5	11	20	15	2915
7	10	15	10	9	4	2	2916
3	6	1	6	29	11	11	2917
12	17	11	40	11	12	2	2918
2	10	15	28	21	14	3	2919
3	6	1	16	1	11	208	2920
3	10	1	54	14	9	206	2921
2	3	18	10	2	1	203	2922
6	10	15	3	21	3	207	2923
